900000,000  -81,154  -84,578  -84,570
900498,753  -82,636  -84,433  -84,382
900997,506  -82,222  -84,509  -84,565
901496,259  -80,781  -84,451  -84,453
901995,012  -81,268  -84,369  -84,512
902493,766  -82,531  -84,565  -84,455
902992,519  -82,229  -84,304  -84,552
903491,272  -81,016  -84,453  -84,253
903990,025  -82,548  -84,558  -84,503
904488,778  -81,509  -84,386  -84,430
904987,531  -81,295  -84,574  -84,386
905486,284  -82,202  -84,492  -84,574
905985,037  -81,715  -84,311  -84,431
906483,791  -81,368  -84,516  -84,501
906982,544  -82,097  -84,368  -84,450
907481,297  -82,050  -84,627  -84,625
907980,050  -81,556  -84,426  -84,379
908478,803  -82,386  -84,552  -84,510
908977,556  -81,702  -84,616  -84,492
909476,309  -82,150  -84,381  -84,571
909975,062  -82,479  -84,635  -84,577
910473,815  -81,697  -84,376  -84,489
910972,569  -82,894  -84,439  -84,456
911471,322  -80,359  -84,622  -84,559
911970,075  -80,057  -84,325  -84,381
912468,828  -82,694  -84,504  -84,624
912967,581  -80,680  -84,189  -84,502
913466,334  -83,020  -84,429  -84,518
913965,087  -82,947  -84,392  -84,506
914463,840  -81,166  -84,392  -84,452
914962,594  -81,609  -84,452  -84,555
915461,347  -81,296  -84,551  -84,495
915960,100  -82,538  -84,328  -84,579
916458,853  -82,657  -84,515  -84,498
916957,606  -82,381  -84,441  -84,425
917456,359  -82,100  -84,493  -84,436
917955,112  -81,748  -84,265  -84,261
918453,865  -82,225  -84,554  -84,440
918952,618  -77,313  -84,612  -84,386
919451,372  -76,711  -84,487  -84,578
919950,125  -80,997  -84,435  -84,579
920448,878  -83,250  -84,424  -84,517
920947,631  -82,583  -84,428  -84,306
921446,384  -83,234  -84,576  -84,426
921945,137  -82,008  -84,616  -84,389
922443,890  -82,099  -84,556  -84,623
922942,643  -82,896  -84,313  -84,576
923441,397  -81,440  -84,623  -84,265
923940,150  -81,705  -84,431  -84,380
924438,903  -82,785  -84,552  -84,507
924937,656  -81,704  -84,556  -84,373
925436,409  -82,684  -84,453  -84,578
925935,162  -82,169  -84,451  -84,561
926433,915  -82,762  -84,384  -84,505
926932,668  -81,917  -84,578  -84,630
927431,421  -82,842  -84,374  -84,445
927930,175  -81,699  -84,549  -84,423
928428,928  -82,204  -84,622  -84,507
928927,681  -82,790  -84,504  -84,432
929426,434  -82,109  -84,432  -84,361
929925,187  -80,735  -84,430  -84,297
930423,940  -81,548  -84,567  -84,317
930922,693  -82,278  -84,562  -84,445
931421,446  -82,476  -84,255  -84,430
931920,200  -81,742  -84,498  -84,500
932418,953  -82,591  -84,571  -84,439
932917,706  -82,219  -84,430  -84,571
933416,459  -82,005  -84,686  -84,326
933915,212  -80,854  -84,560  -84,555
934413,965  -81,503  -84,688  -84,557
934912,718  -82,642  -84,445  -84,376
935411,471  -80,847  -84,496  -84,558
935910,224  -82,010  -84,133  -84,454
936408,978  -83,422  -84,363  -84,491
936907,731  -82,255  -84,572  -84,360
937406,484  -82,145  -84,617  -84,389
937905,237  -82,913  -84,436  -84,506
938403,990  -81,999  -84,426  -84,302
938902,743  -82,428  -84,486  -84,424
939401,496  -82,356  -84,556  -84,426
939900,249  -81,836  -84,566  -84,378
940399,002  -81,402  -84,563  -84,485
940897,756  -83,062  -84,556  -84,681
941396,509  -82,266  -84,385  -84,378
941895,262  -82,592  -84,068  -84,617
942394,015  -81,335  -84,552  -84,442
942892,768  -83,062  -84,436  -84,641
943391,521  -82,147  -84,515  -84,485
943890,274  -81,894  -84,172  -84,433
944389,027  -82,680  -84,376  -84,548
944887,781  -81,709  -84,494  -84,617
945386,534  -82,864  -84,426  -84,568
945885,287  -82,901  -84,627  -84,368
946384,040  -82,056  -84,514  -84,547
946882,793  -80,476  -84,556  -84,434
947381,546  -82,646  -84,615  -84,576
947880,299  -81,847  -84,611  -84,381
948379,052  -82,703  -84,698  -84,437
948877,805  -80,272  -84,627  -84,448
949376,559  -81,813  -84,611  -84,443
949875,312  -82,580  -84,047  -84,513
950374,065  -82,008  -84,558  -84,379
950872,818  -82,050  -84,430  -84,624
951371,571  -81,706  -84,635  -84,421
951870,324  -82,414  -84,388  -84,687
952369,077  -82,573  -84,193  -84,489
952867,830  -82,322  -84,622  -84,615
953366,584  -81,938  -84,421  -84,435
953865,337  -82,517  -84,437  -84,383
954364,090  -81,446  -84,556  -84,425
954862,843  -82,301  -84,546  -84,614
955361,596  -82,995  -84,508  -84,508
955860,349  -81,411  -84,442  -84,493
956359,102  -82,300  -84,320  -84,254
956857,855  -81,696  -84,554  -84,508
957356,608  -81,803  -84,442  -84,387
957855,362  -82,356  -84,431  -84,488
958354,115  -82,698  -84,434  -84,688
958852,868  -81,687  -84,623  -84,512
959351,621  -81,890  -84,513  -84,438
959850,374  -82,482  -84,245  -84,546
960349,127  -81,355  -84,615  -84,420
960847,880  -82,365  -84,307  -84,615
961346,633  -82,156  -84,431  -84,625
961845,387  -81,953  -84,451  -84,575
962344,140  -82,632  -84,499  -84,298
962842,893  -82,042  -84,503  -84,575
963341,646  -81,743  -84,429  -84,492
963840,399  -81,864  -84,563  -84,066
964339,152  -81,493  -84,485  -84,571
964837,905  -81,542  -84,439  -84,421
965336,658  -81,851  -84,625  -84,678
965835,411  -82,850  -84,551  -84,439
966334,165  -82,913  -84,492  -84,364
966832,918  -81,943  -84,563  -84,485
967331,671  -82,010  -84,491  -84,625
967830,424  -81,856  -84,419  -84,748
968329,177  -81,985  -84,386  -84,500
968827,930  -81,860  -84,430  -84,322
969326,683  -82,429  -84,295  -84,574
969825,436  -81,834  -84,237  -84,441
970324,190  -80,724  -84,443  -84,372
970822,943  -81,735  -84,251  -84,611
971321,696  -80,515  -84,319  -84,423
971820,449  -81,488  -84,419  -84,324
972319,202  -80,531  -84,620  -84,439
972817,955  -78,899  -84,444  -84,553
973316,708  -79,428  -84,482  -84,360
973815,461  -80,638  -84,358  -84,546
974314,214  -80,684  -84,250  -84,309
974812,968  -80,997  -84,564  -84,572
975311,721  -80,197  -84,438  -84,482
975810,474  -78,993  -84,504  -84,501
976309,227  -78,203  -84,606  -84,323
976807,980  -81,038  -84,568  -84,632
977306,733  -80,793  -84,493  -84,372
977805,486  -79,452  -84,436  -84,619
978304,239  -80,195  -84,191  -84,502
978802,993  -81,757  -84,445  -84,320
979301,746  -77,890  -84,442  -84,562
979800,499  -79,772  -84,361  -84,258
980299,252  -79,509  -84,491  -84,572
980798,005  -79,047  -84,619  -84,608
981296,758  -80,304  -84,544  -84,490
981795,511  -79,436  -84,632  -84,548
982294,264  -79,320  -84,063  -84,616
982793,017  -78,952  -84,620  -84,317
983291,771  -78,191  -84,509  -84,569
983790,524  -76,031  -84,609  -84,384
984289,277  -79,456  -84,130  -84,419
984788,030  -77,486  -84,448  -84,494
985286,783  -77,747  -84,547  -84,228
985785,536  -76,060  -84,366  -84,627
986284,289  -77,634  -84,563  -84,444
986783,042  -74,647  -84,304  -84,426
987281,796  -75,240  -84,322  -84,631
987780,549  -75,245  -84,612  -84,611
988279,302  -73,598  -84,503  -84,127
988778,055  -72,818  -84,384  -84,481
989276,808  -71,187  -84,419  -84,355
989775,561  -71,035  -84,368  -84,431
990274,314  -71,209  -84,441  -84,625
990773,067  -71,542  -84,172  -84,379
991271,820  -71,286  -84,563  -84,441
991770,574  -70,632  -84,509  -84,571
992269,327  -67,155  -84,430  -84,509
992768,080  -66,034  -84,443  -84,318
993266,833  -67,951  -84,248  -84,367
993765,586  -65,774  -84,441  -84,438
994264,339  -63,260  -84,421  -84,631
994763,092  -63,187  -84,562  -84,630
995261,845  -61,637  -84,686  -84,314
995760,599  -59,852  -84,418  -84,500
996259,352  -57,549  -84,420  -84,488
996758,105  -52,988  -84,310  -84,497
997256,858  -47,711  -84,040  -83,808
997755,611  -40,845  -81,537  -81,452
998254,364  -32,218  -74,796  -74,488
998753,117  -22,479  -64,835  -64,641
999251,870  -12,800  -55,350  -55,066
999750,623  -9,828  -52,339  -52,086
1000249,377  -10,376  -52,896  -52,623
1000748,130  -18,550  -60,846  -60,560
1001246,883  -28,578  -71,152  -70,855
1001745,636  -37,937  -79,775  -79,663
1002244,389  -45,372  -83,247  -83,120
1002743,142  -51,180  -84,494  -84,255
1003241,895  -55,366  -84,478  -84,168
1003740,648  -56,610  -84,479  -84,618
1004239,401  -59,916  -84,742  -84,603
1004738,155  -61,826  -84,607  -84,483
1005236,908  -64,375  -84,177  -84,487
1005735,661  -64,821  -84,505  -84,494
1006234,414  -67,148  -84,623  -84,508
1006733,167  -65,836  -84,494  -84,499
1007231,920  -66,556  -84,625  -84,567
1007730,673  -68,562  -84,567  -84,378
1008229,426  -70,197  -84,687  -84,247
1008728,180  -72,840  -84,610  -84,670
1009226,933  -71,342  -84,355  -84,753
1009725,686  -73,546  -84,501  -84,479
1010224,439  -71,875  -84,567  -84,503
1010723,192  -71,668  -84,634  -84,300
1011221,945  -74,638  -84,119  -84,603
1011720,698  -71,805  -84,567  -84,627
1012219,451  -73,976  -84,481  -84,494
1012718,204  -74,486  -84,043  -84,256
1013216,958  -75,727  -84,505  -84,446
1013715,711  -76,471  -84,444  -84,503
1014214,464  -77,704  -84,431  -84,481
1014713,217  -78,692  -84,556  -84,634
1015211,970  -78,029  -84,630  -84,552
1015710,723  -78,337  -84,498  -84,498
1016209,476  -78,961  -84,362  -84,549
1016708,229  -77,985  -84,503  -84,364
1017206,983  -79,719  -84,561  -84,494
1017705,736  -77,387  -84,373  -84,503
1018204,489  -79,726  -84,444  -84,620
1018703,242  -79,379  -84,676  -84,426
1019201,995  -80,262  -84,168  -84,368
1019700,748  -79,157  -84,609  -84,552
1020199,501  -78,147  -84,508  -84,492
1020698,254  -81,584  -84,440  -84,543
1021197,007  -79,836  -84,505  -84,556
1021695,761  -79,761  -84,445  -84,361
1022194,514  -81,229  -84,486  -84,506
1022693,267  -81,047  -84,622  -84,502
1023192,020  -81,133  -84,248  -84,540
1023690,773  -80,881  -84,486  -84,549
1024189,526  -81,428  -84,368  -84,299
1024688,279  -79,997  -84,379  -84,495
1025187,032  -79,946  -84,374  -84,312
1025685,786  -81,753  -84,484  -84,487
1026184,539  -82,361  -84,365  -84,226
1026683,292  -79,720  -84,418  -84,487
1027182,045  -82,201  -84,555  -84,367
1027680,798  -81,140  -84,497  -84,423
1028179,551  -80,139  -84,357  -84,438
1028678,304  -80,890  -84,441  -84,365
1029177,057  -82,678  -84,489  -84,500
1029675,810  -81,791  -84,230  -84,608
1030174,564  -81,583  -84,506  -84,064
1030673,317  -81,808  -84,495  -84,504
1031172,070  -82,254  -84,546  -84,546
1031670,823  -81,739  -84,427  -84,416
1032169,576  -82,422  -84,312  -84,602
1032668,329  -80,838  -84,372  -84,445
1033167,082  -82,049  -84,613  -84,425
1033665,835  -82,190  -84,445  -84,319
1034164,589  -81,590  -84,356  -84,363
1034663,342  -82,672  -84,310  -84,436
1035162,095  -82,744  -84,546  -84,438
1035660,848  -81,956  -84,500  -84,626
1036159,601  -81,276  -84,629  -84,430
1036658,354  -81,958  -84,493  -84,546
1037157,107  -82,518  -84,367  -84,248
1037655,860  -82,792  -84,245  -84,568
1038154,613  -82,203  -84,502  -84,506
1038653,367  -81,837  -84,419  -84,434
1039152,120  -81,927  -84,557  -84,484
1039650,873  -82,083  -84,502  -84,477
1040149,626  -81,703  -84,064  -84,560
1040648,379  -81,347  -84,500  -84,414
1041147,132  -82,096  -84,427  -84,495
1041645,885  -81,497  -84,564  -84,439
1042144,638  -82,266  -84,351  -84,175
1042643,392  -81,883  -84,225  -84,561
1043142,145  -81,906  -84,499  -84,557
1043640,898  -82,798  -84,612  -84,420
1044139,651  -82,296  -84,476  -84,497
1044638,404  -83,540  -84,568  -84,488
1045137,157  -82,524  -84,431  -84,483
1045635,910  -82,802  -84,668  -84,369
1046134,663  -82,378  -84,618  -84,543
1046633,416  -82,322  -84,567  -84,563
1047132,170  -83,014  -84,568  -84,369
1047630,923  -82,855  -84,366  -84,486
1048129,676  -82,885  -84,309  -84,506
1048628,429  -82,517  -84,552  -84,481
1049127,182  -83,060  -84,559  -84,247
1049625,935  -81,836  -84,165  -84,556
1050124,688  -82,846  -84,556  -84,497
1050623,441  -83,163  -84,670  -84,427
1051122,195  -81,845  -84,481  -84,541
1051620,948  -83,232  -84,431  -84,625
1052119,701  -82,787  -84,420  -84,433
1052618,454  -82,423  -84,483  -84,545
1053117,207  -82,207  -84,605  -84,417
1053615,960  -82,531  -84,476  -84,503
1054114,713  -82,686  -84,437  -84,552
1054613,466  -83,232  -84,621  -84,603
1055112,219  -81,529  -84,313  -84,610
1055610,973  -83,186  -84,612  -84,429
1056109,726  -83,161  -84,293  -84,240
1056608,479  -82,416  -84,305  -84,477
1057107,232  -83,120  -84,550  -84,427
1057605,985  -83,054  -84,501  -84,632
1058104,738  -83,362  -84,373  -84,539
1058603,491  -82,535  -84,415  -84,505
1059102,244  -82,682  -84,364  -84,481
1059600,998  -82,136  -84,481  -84,380
1060099,751  -83,540  -84,497  -84,289
1060598,504  -82,725  -84,440  -84,442
1061097,257  -82,778  -84,488  -84,429
1061596,010  -83,017  -84,375  -84,373
1062094,763  -82,906  -84,374  -84,377
1062593,516  -83,994  -84,487  -84,430
1063092,269  -82,943  -84,375  -84,439
1063591,022  -83,048  -84,496  -84,620
1064089,776  -83,002  -84,627  -84,538
1064588,529  -82,191  -84,500  -84,363
1065087,282  -82,461  -84,425  -84,484
1065586,035  -82,247  -84,482  -84,374
1066084,788  -82,465  -84,567  -84,308
1066583,541  -82,829  -84,441  -84,553
1067082,294  -83,011  -84,547  -84,615
1067581,047  -83,363  -84,493  -84,423
1068079,800  -83,281  -84,613  -84,504
1068578,554  -82,879  -84,235  -84,544
1069077,307  -82,996  -84,223  -84,235
1069576,060  -83,248  -84,618  -84,366
1070074,813  -83,334  -84,671  -84,493
1070573,566  -82,292  -84,549  -84,480
1071072,319  -82,963  -84,627  -84,493
1071571,072  -83,182  -84,495  -84,439
1072069,825  -81,931  -84,500  -84,306
1072568,579  -83,114  -84,308  -84,480
1073067,332  -83,297  -84,317  -84,564
1073566,085  -83,398  -84,436  -84,244
1074064,838  -82,516  -84,538  -84,549
1074563,591  -82,856  -84,500  -84,491
1075062,344  -83,706  -84,430  -84,496
1075561,097  -83,180  -84,564  -84,441
1076059,850  -81,951  -84,419  -84,551
1076558,603  -82,633  -84,308  -84,622
1077057,357  -82,429  -84,426  -84,538
1077556,110  -83,398  -84,485  -84,502
1078054,863  -82,523  -84,246  -84,436
1078553,616  -82,676  -84,609  -84,547
1079052,369  -81,779  -84,496  -84,558
1079551,122  -83,767  -84,496  -84,555
1080049,875  -82,269  -84,355  -84,315
1080548,628  -82,466  -84,624  -84,564
1081047,382  -82,468  -84,504  -84,439
1081546,135  -83,706  -84,500  -84,359
1082044,888  -82,562  -84,602  -84,301
1082543,641  -83,179  -84,477  -84,181
1083042,394  -83,182  -84,601  -84,559
1083541,147  -82,367  -84,371  -84,504
1084039,900  -82,509  -84,674  -84,424
1084538,653  -83,047  -84,492  -84,376
1085037,406  -83,115  -84,494  -84,619
1085536,160  -82,138  -84,300  -84,300
1086034,913  -82,830  -84,415  -84,251
1086533,666  -82,476  -84,566  -84,376
1087032,419  -82,053  -84,490  -84,605
1087531,172  -83,586  -84,353  -84,501
1088029,925  -83,797  -84,373  -84,566
1088528,678  -83,682  -84,557  -84,415
1089027,431  -83,573  -84,475  -84,603
1089526,185  -83,181  -84,488  -84,436
1090024,938  -82,945  -84,223  -84,617
1090523,691  -83,652  -84,247  -84,311
1091022,444  -83,294  -84,353  -84,173
1091521,197  -83,056  -84,425  -84,438
1092019,950  -82,905  -84,374  -84,364
1092518,703  -83,458  -84,227  -84,486
1093017,456  -83,973  -84,481  -84,353
1093516,209  -83,045  -84,415  -84,313
1094014,963  -82,723  -84,477  -84,411
1094513,716  -82,896  -84,351  -84,378
1095012,469  -83,243  -84,064  -84,481
1095511,222  -83,285  -84,481  -84,726
1096009,975  -82,679  -84,474  -84,475
1096508,728  -83,507  -84,376  -84,429
1097007,481  -83,225  -84,360  -84,623
1097506,234  -82,853  -84,431  -84,614
1098004,988  -83,012  -84,563  -84,492
1098503,741  -83,858  -84,223  -84,605
1099002,494  -83,118  -84,431  -84,364
1099501,247  -83,643  -84,229  -84,490
