500000.000,-70.889,-85.347,-84.139
502493.766,-71.762,-84.922,-84.389
504987.531,-71.256,-85.357,-85.360
507481.297,-70.621,-85.166,-84.311
509975.062,-71.858,-85.547,-84.266
512468.828,-71.112,-84.868,-85.405
514962.594,-71.609,-84.775,-85.412
517456.359,-71.025,-84.837,-85.370
519950.125,-70.838,-85.404,-85.170
522443.890,-70.417,-85.113,-84.990
524937.656,-71.674,-84.560,-85.231
527431.421,-70.153,-85.665,-85.425
529925.187,-69.216,-85.421,-85.357
532418.953,-66.991,-85.212,-84.989
534912.718,-68.964,-83.972,-84.899
537406.484,-70.833,-84.207,-84.790
539900.249,-70.073,-84.431,-85.289
542394.015,-70.832,-83.964,-85.223
544887.781,-71.114,-85.342,-85.113
547381.546,-71.692,-84.374,-84.774
549875.312,-72.752,-84.660,-84.722
552369.077,-71.445,-84.421,-85.415
554862.843,-72.208,-83.981,-85.410
557356.608,-70.150,-84.908,-85.174
559850.374,-69.014,-85.805,-85.718
562344.140,-70.049,-86.061,-84.653
564837.905,-70.862,-85.089,-84.422
567331.671,-68.161,-84.706,-85.592
569825.436,-71.895,-84.711,-85.870
572319.202,-70.626,-84.787,-85.667
574812.968,-71.257,-85.712,-85.525
577306.733,-72.436,-85.360,-84.716
579800.499,-72.008,-84.779,-84.660
582294.264,-70.299,-84.675,-85.425
584788.030,-71.611,-84.704,-85.298
587281.796,-71.753,-85.151,-85.352
589775.561,-69.894,-85.286,-85.780
592269.327,-72.083,-85.236,-85.273
594763.092,-70.614,-84.833,-84.270
597256.858,-70.829,-84.705,-84.265
599750.623,-70.498,-84.965,-84.786
602244.389,-71.307,-84.600,-84.541
604738.155,-70.095,-84.552,-84.086
607231.920,-71.959,-84.541,-84.025
609725.686,-69.505,-84.668,-84.973
612219.451,-70.619,-85.477,-84.488
614713.217,-72.092,-84.655,-84.791
617206.983,-70.776,-84.774,-84.712
619700.748,-70.267,-85.403,-84.544
622194.514,-70.810,-85.850,-84.764
624688.279,-68.859,-84.533,-85.204
627182.045,-70.198,-83.182,-85.520
629675.810,-69.116,-84.188,-85.535
632169.576,-69.066,-85.086,-84.916
634663.342,-71.405,-85.265,-83.958
637157.107,-70.563,-84.716,-84.259
639650.873,-72.139,-84.708,-85.598
642144.638,-71.587,-85.471,-83.632
644638.404,-71.148,-84.594,-84.185
647132.170,-69.799,-84.436,-85.226
649625.935,-72.476,-85.168,-85.037
652119.701,-68.438,-84.015,-85.019
654613.466,-70.618,-84.019,-85.210
657107.232,-68.217,-84.433,-85.533
659600.998,-71.237,-84.368,-85.339
662094.763,-71.799,-83.772,-85.591
664588.529,-68.678,-84.597,-85.284
667082.294,-71.629,-84.494,-84.716
669576.060,-70.622,-85.639,-84.240
672069.825,-71.407,-85.274,-84.823
674563.591,-72.288,-84.433,-84.719
677057.357,-72.097,-84.319,-83.773
679551.122,-71.700,-85.021,-84.305
682044.888,-70.201,-84.581,-85.136
684538.653,-72.862,-85.413,-85.094
687032.419,-70.653,-85.649,-85.538
689526.185,-71.020,-86.127,-84.536
692019.950,-71.993,-85.038,-84.317
694513.716,-69.938,-84.953,-84.237
697007.481,-74.923,-84.657,-84.710
699501.247,-71.889,-84.696,-85.516
701995.012,-72.584,-84.825,-84.116
704488.778,-71.645,-85.205,-84.135
706982.544,-73.221,-85.094,-85.198
709476.309,-71.578,-85.535,-85.011
711970.075,-70.854,-85.210,-84.777
714463.840,-70.819,-84.292,-85.082
716957.606,-70.191,-84.420,-84.605
719451.372,-72.334,-85.013,-85.389
721945.137,-70.896,-84.820,-85.512
724438.903,-71.802,-85.220,-85.908
726932.668,-72.288,-85.634,-85.711
729426.434,-72.525,-85.633,-85.222
731920.200,-72.235,-85.447,-84.253
734413.965,-72.479,-85.129,-85.444
736907.731,-71.686,-85.009,-85.531
739401.496,-69.141,-84.886,-85.710
741895.262,-71.984,-84.829,-84.892
744389.027,-72.375,-85.152,-84.832
746882.793,-73.002,-82.319,-85.194
749376.559,-73.072,-82.312,-85.342
751870.324,-73.813,-84.476,-85.009
754364.090,-73.005,-84.837,-85.092
756857.855,-71.596,-84.632,-85.090
759351.621,-72.855,-85.640,-84.764
761845.387,-72.920,-85.586,-84.426
764339.152,-69.577,-84.538,-84.763
766832.918,-70.386,-84.296,-85.000
769326.683,-73.123,-84.951,-85.256
771820.449,-73.542,-85.217,-85.828
774314.214,-72.678,-84.945,-85.833
776807.980,-73.691,-84.362,-85.572
779301.746,-72.012,-84.529,-85.905
781795.511,-73.616,-84.965,-85.783
784289.277,-72.424,-85.203,-85.707
786783.042,-74.066,-84.903,-84.955
789276.808,-72.011,-84.123,-85.506
791770.574,-74.291,-84.239,-85.563
794264.339,-72.851,-84.714,-84.632
796758.105,-73.303,-84.694,-84.535
799251.870,-71.096,-85.019,-84.360
801745.636,-74.152,-84.881,-85.060
804239.401,-73.736,-85.504,-85.446
806733.167,-74.109,-85.462,-85.575
809226.933,-71.493,-84.578,-85.655
811720.698,-73.355,-84.630,-84.467
814214.464,-73.252,-85.445,-84.891
816708.229,-73.463,-85.315,-84.509
819201.995,-73.041,-85.264,-85.068
821695.761,-73.555,-84.958,-83.761
824189.526,-74.828,-85.582,-84.334
826683.292,-74.492,-85.397,-85.272
829177.057,-73.836,-85.208,-85.775
831670.823,-74.337,-84.710,-84.872
834164.589,-74.416,-84.770,-85.265
836658.354,-74.088,-84.889,-84.935
839152.120,-73.849,-85.318,-84.681
841645.885,-73.587,-85.433,-84.352
844139.651,-74.750,-85.976,-84.632
846633.416,-74.311,-85.319,-84.053
849127.182,-74.444,-85.620,-85.058
851620.948,-73.053,-84.685,-84.944
854114.713,-73.362,-84.889,-84.222
856608.479,-74.351,-84.445,-85.309
859102.244,-75.136,-84.687,-84.454
861596.010,-73.256,-85.967,-84.889
864089.776,-75.965,-85.844,-84.751
866583.541,-73.342,-85.749,-84.930
869077.307,-74.288,-84.868,-85.180
871571.072,-75.088,-85.318,-85.577
874064.838,-73.749,-85.495,-86.246
876558.603,-75.318,-85.261,-86.085
879052.369,-73.655,-84.768,-85.179
881546.135,-74.194,-84.396,-84.932
884039.900,-75.481,-85.059,-84.153
886533.666,-75.205,-85.067,-83.999
889027.431,-76.114,-84.685,-85.145
891521.197,-74.817,-85.628,-85.263
894014.963,-73.437,-85.177,-85.192
896508.728,-75.802,-84.334,-84.824
899002.494,-76.148,-84.521,-85.766
901496.259,-75.949,-85.754,-85.185
903990.025,-76.018,-84.575,-85.568
906483.791,-73.283,-85.003,-84.628
908977.556,-76.060,-85.552,-84.525
911471.322,-73.193,-85.900,-84.890
913965.087,-76.201,-85.328,-83.930
916458.853,-75.523,-85.370,-84.642
918952.618,-73.433,-84.927,-84.515
921446.384,-72.702,-83.711,-83.979
923940.150,-74.608,-83.773,-84.169
926433.915,-75.988,-84.690,-85.073
928927.681,-76.318,-85.492,-84.995
931421.446,-74.700,-85.573,-85.578
933915.212,-73.938,-85.366,-85.444
936408.978,-74.503,-84.740,-85.558
938902.743,-73.088,-84.751,-85.511
941396.509,-74.920,-85.055,-85.548
943890.274,-72.702,-85.128,-85.387
946384.040,-71.975,-85.128,-85.610
948877.805,-71.961,-85.577,-85.421
951371.571,-70.680,-85.885,-85.874
953865.337,-68.697,-85.063,-85.422
956359.102,-66.620,-84.990,-85.306
958852.868,-64.612,-84.497,-84.860
961346.633,-62.420,-84.516,-84.551
963840.399,-60.142,-84.558,-84.555
966334.165,-57.729,-85.422,-85.256
968827.930,-55.135,-85.053,-84.823
971321.696,-52.433,-84.442,-84.612
973815.461,-49.512,-84.806,-84.946
976309.227,-46.268,-84.693,-83.996
978802.993,-42.794,-84.610,-83.273
981296.758,-38.955,-85.170,-82.133
983790.524,-34.720,-85.370,-78.983
986284.289,-29.979,-85.690,-74.977
988778.055,-24.641,-85.429,-70.925
991271.820,-19.766,-85.166,-66.173
993765.586,-15.102,-85.244,-61.908
996259.352,-11.460,-84.694,-57.839
998753.117,-10.100,-84.146,-54.677
1001246.883,-10.117,-84.499,-52.879
1003740.648,-11.822,-83.044,-52.833
1006234.414,-15.597,-84.451,-53.665
1008728.180,-20.039,-84.272,-56.947
1011221.945,-24.657,-84.790,-62.414
1013715.711,-29.584,-85.126,-67.315
1016209.476,-33.957,-85.442,-72.761
1018703.242,-37.810,-84.803,-76.160
1021197.007,-41.426,-84.854,-80.189
1023690.773,-44.679,-84.975,-82.430
1026184.539,-47.716,-84.811,-84.496
1028678.304,-50.544,-84.447,-84.606
1031172.070,-53.143,-85.123,-84.621
1033665.835,-55.563,-85.423,-84.862
1036159.601,-57.774,-85.437,-84.548
1038653.367,-59.875,-85.132,-84.283
1041147.132,-61.856,-85.569,-84.668
1043640.898,-63.569,-85.415,-84.806
1046134.663,-65.682,-85.241,-85.104
1048628.429,-67.291,-83.926,-84.679
1051122.195,-68.812,-85.228,-84.442
1053615.960,-70.524,-84.872,-84.220
1056109.726,-71.754,-85.188,-84.282
1058603.491,-73.097,-85.363,-84.804
1061097.257,-74.216,-85.057,-85.371
1063591.022,-75.120,-84.805,-84.043
1066084.788,-75.138,-85.130,-84.382
1068578.554,-75.241,-84.926,-85.225
1071072.319,-75.846,-85.365,-84.503
1073566.085,-76.963,-85.481,-84.687
1076059.850,-75.880,-85.937,-84.851
1078553.616,-76.773,-85.566,-85.163
1081047.382,-77.366,-85.568,-84.937
1083541.147,-77.376,-85.485,-84.925
1086034.913,-76.735,-84.918,-84.806
1088528.678,-76.726,-84.740,-84.209
1091022.444,-77.519,-84.147,-84.502
1093516.209,-76.529,-85.061,-85.295
1096009.975,-77.311,-85.944,-84.324
1098503.741,-77.588,-85.111,-84.453
1100997.506,-77.312,-85.288,-84.196
1103491.272,-76.683,-85.046,-84.026
1105985.037,-78.197,-85.941,-84.089
1108478.803,-77.795,-85.504,-85.174
1110972.569,-78.192,-84.621,-85.106
1113466.334,-77.462,-84.498,-84.973
1115960.100,-77.283,-85.181,-84.224
1118453.865,-77.416,-85.822,-84.136
1120947.631,-77.670,-83.685,-84.794
1123441.397,-76.628,-85.034,-84.871
1125935.162,-77.633,-84.994,-84.271
1128428.928,-76.880,-84.970,-83.748
1130922.693,-78.216,-84.080,-84.988
1133416.459,-76.667,-83.408,-85.118
1135910.224,-76.738,-85.233,-84.849
1138403.990,-77.774,-85.103,-85.480
1140897.756,-76.342,-83.259,-85.483
1143391.521,-76.661,-83.857,-85.433
1145885.287,-76.446,-85.950,-85.303
1148379.052,-78.157,-85.730,-84.033
1150872.818,-77.878,-85.310,-84.391
1153366.584,-77.373,-85.055,-84.743
1155860.349,-77.948,-85.172,-85.745
1158354.115,-76.812,-84.935,-84.915
1160847.880,-77.462,-84.801,-84.721
1163341.646,-77.771,-84.273,-84.725
1165835.411,-77.325,-83.851,-85.362
1168329.177,-77.270,-85.472,-85.302
1170822.943,-77.508,-85.351,-85.496
1173316.708,-76.513,-84.923,-84.601
1175810.474,-77.230,-84.330,-84.858
1178304.239,-77.772,-85.246,-84.141
1180798.005,-78.048,-85.412,-84.337
1183291.771,-78.471,-85.181,-85.734
1185785.536,-76.301,-85.106,-85.223
1188279.302,-76.350,-85.660,-84.670
1190773.067,-77.530,-83.697,-84.624
1193266.833,-78.000,-83.483,-84.735
1195760.599,-77.266,-85.221,-84.250
1198254.364,-77.374,-85.115,-85.051
1200748.130,-77.022,-85.104,-84.998
1203241.895,-77.625,-84.539,-85.742
1205735.661,-77.614,-84.447,-85.057
1208229.426,-76.829,-84.845,-85.180
1210723.192,-77.411,-84.363,-84.849
1213216.958,-77.268,-84.564,-85.284
1215710.723,-77.609,-83.808,-84.742
1218204.489,-76.674,-84.080,-85.545
1220698.254,-77.410,-84.550,-85.121
1223192.020,-78.405,-84.655,-85.164
1225685.786,-77.123,-85.102,-85.538
1228179.551,-77.998,-84.310,-84.724
1230673.317,-77.782,-84.216,-84.777
1233167.082,-77.315,-84.927,-85.042
1235660.848,-76.466,-84.973,-84.378
1238154.613,-77.769,-84.911,-84.552
1240648.379,-78.103,-85.056,-85.029
1243142.145,-77.075,-84.865,-85.545
1245635.910,-77.884,-85.044,-84.992
1248129.676,-76.680,-84.606,-84.977
1250623.441,-77.170,-84.792,-85.554
1253117.207,-77.408,-84.098,-85.156
1255610.973,-77.659,-84.302,-85.052
1258104.738,-77.226,-85.304,-84.564
1260598.504,-78.298,-85.468,-85.406
1263092.269,-77.630,-85.545,-85.095
1265586.035,-77.412,-85.721,-85.107
1268079.800,-77.503,-85.489,-85.288
1270573.566,-78.425,-85.591,-84.475
1273067.332,-77.205,-85.596,-84.795
1275561.097,-77.051,-85.368,-84.839
1278054.863,-77.613,-86.345,-85.038
1280548.628,-78.082,-85.735,-85.043
1283042.394,-77.658,-85.593,-85.368
1285536.160,-76.345,-85.360,-85.365
1288029.925,-77.225,-85.720,-84.602
1290523.691,-77.761,-85.734,-85.732
1293017.456,-77.761,-85.862,-84.968
1295511.222,-78.251,-85.291,-84.316
1298004.988,-78.153,-85.242,-84.149
1300498.753,-77.977,-85.550,-84.979
1302992.519,-77.822,-84.966,-84.428
1305486.284,-77.874,-84.864,-84.212
1307980.050,-77.700,-84.857,-85.027
1310473.815,-77.830,-85.301,-84.969
1312967.581,-78.618,-85.492,-84.678
1315461.347,-78.572,-85.362,-84.600
1317955.112,-77.885,-85.100,-84.919
1320448.878,-77.609,-85.228,-85.657
1322942.643,-77.886,-85.600,-84.031
1325436.409,-78.051,-85.361,-84.911
1327930.175,-76.876,-85.028,-84.369
1330423.940,-77.710,-85.610,-85.542
1332917.706,-78.035,-85.532,-85.942
1335411.471,-77.453,-85.532,-85.150
1337905.237,-79.017,-84.971,-85.106
1340399.002,-79.030,-84.721,-84.314
1342892.768,-77.811,-84.865,-83.966
1345386.534,-78.200,-84.251,-84.418
1347880.299,-78.567,-85.737,-84.427
1350374.065,-77.660,-84.983,-85.085
1352867.830,-77.754,-85.362,-85.362
1355361.596,-77.105,-84.987,-85.409
1357855.362,-76.860,-84.491,-85.339
1360349.127,-76.897,-85.655,-85.302
1362842.893,-78.472,-84.557,-85.351
1365336.658,-77.365,-85.301,-85.037
1367830.424,-78.523,-85.413,-84.327
1370324.190,-78.978,-84.659,-83.618
1372817.955,-77.360,-84.920,-84.248
1375311.721,-77.818,-85.985,-85.537
1377805.486,-78.038,-84.734,-85.420
1380299.252,-78.573,-84.675,-86.136
1382793.017,-78.209,-84.737,-85.466
1385286.783,-78.513,-84.207,-84.983
1387780.549,-77.511,-84.207,-85.396
1390274.314,-77.813,-84.370,-85.863
1392768.080,-77.938,-85.337,-84.379
1395261.845,-79.355,-85.237,-84.429
1397755.611,-77.776,-84.959,-85.340
1400249.377,-78.146,-84.919,-85.592
1402743.142,-77.067,-83.302,-85.474
1405236.908,-78.510,-83.497,-85.093
1407730.673,-77.568,-84.730,-84.206
1410224.439,-78.389,-84.587,-84.303
1412718.204,-79.204,-84.143,-85.489
1415211.970,-76.592,-85.031,-85.724
1417705.736,-78.307,-84.068,-85.805
1420199.501,-78.193,-83.899,-85.668
1422693.267,-77.921,-83.896,-84.907
1425187.032,-78.608,-84.854,-84.651
1427680.798,-78.043,-85.945,-84.858
1430174.564,-78.566,-85.734,-85.173
1432668.329,-77.545,-85.419,-83.575
1435162.095,-78.300,-85.333,-83.630
1437655.860,-77.857,-85.296,-85.213
1440149.626,-77.164,-85.086,-84.957
1442643.392,-78.139,-85.156,-84.847
1445137.157,-77.494,-86.120,-85.462
1447630.923,-78.246,-85.739,-85.144
1450124.688,-78.789,-84.841,-84.731
1452618.454,-78.828,-84.914,-84.185
1455112.219,-77.399,-85.295,-84.257
1457605.985,-78.574,-85.283,-84.191
1460099.751,-78.409,-84.857,-85.025
1462593.516,-77.969,-84.839,-84.585
1465087.282,-78.093,-83.901,-84.077
1467581.047,-78.514,-84.128,-84.789
1470074.813,-76.758,-84.177,-84.831
1472568.579,-79.117,-84.890,-85.167
1475062.344,-78.559,-85.097,-85.156
1477556.110,-79.080,-85.782,-84.553
1480049.875,-78.453,-85.789,-85.017
1482543.641,-78.466,-85.548,-84.659
1485037.406,-78.245,-85.548,-85.041
1487531.172,-77.522,-85.476,-84.473
1490024.938,-78.609,-85.654,-84.130
1492518.703,-78.470,-85.164,-84.833
1495012.469,-78.303,-85.458,-84.768
1497506.234,-78.652,-85.281,-84.919
