-7.47000000e-006,1.03200002e+000
-7.46500000e-006,1.01600001e+000
-7.46000000e-006,1.03200002e+000
-7.45500000e-006,1.03200002e+000
-7.45000000e-006,1.00000001e+000
-7.44500000e-006,1.00000001e+000
-7.44000000e-006,1.00000001e+000
-7.43500000e-006,1.01600001e+000
-7.43000000e-006,1.00000001e+000
-7.42500000e-006,9.68000014e-001
-7.42000000e-006,9.84000015e-001
-7.41500000e-006,9.84000015e-001
-7.41000000e-006,9.84000015e-001
-7.40500000e-006,9.68000014e-001
-7.40000000e-006,9.52000014e-001
-7.39500000e-006,9.68000014e-001
-7.39000000e-006,9.68000014e-001
-7.38500000e-006,9.36000014e-001
-7.38000000e-006,9.36000014e-001
-7.37500000e-006,9.36000014e-001
-7.37000000e-006,9.36000014e-001
-7.36500000e-006,9.04000013e-001
-7.36000000e-006,8.88000013e-001
-7.35500000e-006,9.04000013e-001
-7.35000000e-006,9.04000013e-001
-7.34500000e-006,9.04000013e-001
-7.34000000e-006,9.04000013e-001
-7.33500000e-006,8.88000013e-001
-7.33000000e-006,8.88000013e-001
-7.32500000e-006,8.56000013e-001
-7.32000000e-006,8.72000013e-001
-7.31500000e-006,8.72000013e-001
-7.31000000e-006,8.88000013e-001
-7.30500000e-006,8.72000013e-001
-7.30000000e-006,8.72000013e-001
-7.29500000e-006,8.56000013e-001
-7.29000000e-006,8.72000013e-001
-7.28500000e-006,8.56000013e-001
-7.28000000e-006,8.56000013e-001
-7.27500000e-006,8.56000013e-001
-7.27000000e-006,8.56000013e-001
-7.26500000e-006,8.40000012e-001
-7.26000000e-006,8.56000013e-001
-7.25500000e-006,8.24000012e-001
-7.25000000e-006,8.24000012e-001
-7.24500000e-006,8.24000012e-001
-7.24000000e-006,8.24000012e-001
-7.23500000e-006,8.40000012e-001
-7.23000000e-006,8.40000012e-001
-7.22500000e-006,8.24000012e-001
-7.22000000e-006,8.40000012e-001
-7.21500000e-006,8.24000012e-001
-7.21000000e-006,8.24000012e-001
-7.20500000e-006,8.08000012e-001
-7.20000000e-006,8.24000012e-001
-7.19500000e-006,8.24000012e-001
-7.19000000e-006,8.24000012e-001
-7.18500000e-006,8.24000012e-001
-7.18000000e-006,8.24000012e-001
-7.17500000e-006,8.40000012e-001
-7.17000000e-006,8.40000012e-001
-7.16500000e-006,8.40000012e-001
-7.16000000e-006,8.40000012e-001
-7.15500000e-006,8.40000012e-001
-7.15000000e-006,8.40000012e-001
-7.14500000e-006,8.56000013e-001
-7.14000000e-006,8.56000013e-001
-7.13500000e-006,8.56000013e-001
-7.13000000e-006,8.56000013e-001
-7.12500000e-006,8.56000013e-001
-7.12000000e-006,8.72000013e-001
-7.11500000e-006,8.56000013e-001
-7.11000000e-006,8.56000013e-001
-7.10500000e-006,8.88000013e-001
-7.10000000e-006,8.88000013e-001
-7.09500000e-006,8.72000013e-001
-7.09000000e-006,8.88000013e-001
-7.08500000e-006,8.88000013e-001
-7.08000000e-006,9.04000013e-001
-7.07500000e-006,8.88000013e-001
-7.07000000e-006,9.20000014e-001
-7.06500000e-006,8.88000013e-001
-7.06000000e-006,9.20000014e-001
-7.05500000e-006,9.04000013e-001
-7.05000000e-006,9.20000014e-001
-7.04500000e-006,9.52000014e-001
-7.04000000e-006,9.36000014e-001
-7.03500000e-006,9.36000014e-001
-7.03000000e-006,9.52000014e-001
-7.02500000e-006,9.68000014e-001
-7.02000000e-006,9.52000014e-001
-7.01500000e-006,9.68000014e-001
-7.01000000e-006,9.68000014e-001
-7.00500000e-006,9.68000014e-001
-7.00000000e-006,9.84000015e-001
-6.99500000e-006,1.00000001e+000
-6.99000000e-006,9.84000015e-001
-6.98500000e-006,9.68000014e-001
-6.98000000e-006,1.00000001e+000
-6.97500000e-006,9.84000015e-001
-6.97000000e-006,1.00000001e+000
-6.96500000e-006,1.01600001e+000
-6.96000000e-006,1.01600001e+000
-6.95500000e-006,1.01600001e+000
-6.95000000e-006,1.03200002e+000
-6.94500000e-006,1.03200002e+000
-6.94000000e-006,1.04800002e+000
-6.93500000e-006,1.03200002e+000
-6.93000000e-006,1.04800002e+000
-6.92500000e-006,1.04800002e+000
-6.92000000e-006,1.06400002e+000
-6.91500000e-006,1.04800002e+000
-6.91000000e-006,1.06400002e+000
-6.90500000e-006,1.08000002e+000
-6.90000000e-006,1.08000002e+000
-6.89500000e-006,1.08000002e+000
-6.89000000e-006,1.09600002e+000
-6.88500000e-006,1.08000002e+000
-6.88000000e-006,1.08000002e+000
-6.87500000e-006,1.08000002e+000
-6.87000000e-006,1.11200002e+000
-6.86500000e-006,1.08000002e+000
-6.86000000e-006,1.09600002e+000
-6.85500000e-006,1.11200002e+000
-6.85000000e-006,1.11200002e+000
-6.84500000e-006,1.09600002e+000
-6.84000000e-006,1.12800002e+000
-6.83500000e-006,1.12800002e+000
-6.83000000e-006,1.11200002e+000
-6.82500000e-006,1.12800002e+000
-6.82000000e-006,1.11200002e+000
-6.81500000e-006,1.12800002e+000
-6.81000000e-006,1.14400002e+000
-6.80500000e-006,1.11200002e+000
-6.80000000e-006,1.14400002e+000
-6.79500000e-006,1.12800002e+000
-6.79000000e-006,1.14400002e+000
-6.78500000e-006,1.14400002e+000
-6.78000000e-006,1.12800002e+000
-6.77500000e-006,1.12800002e+000
-6.77000000e-006,1.12800002e+000
-6.76500000e-006,1.14400002e+000
-6.76000000e-006,1.16000002e+000
-6.75500000e-006,1.14400002e+000
-6.75000000e-006,1.16000002e+000
-6.74500000e-006,1.14400002e+000
-6.74000000e-006,1.16000002e+000
-6.73500000e-006,1.12800002e+000
-6.73000000e-006,1.16000002e+000
-6.72500000e-006,1.14400002e+000
-6.72000000e-006,1.14400002e+000
-6.71500000e-006,1.14400002e+000
-6.71000000e-006,1.14400002e+000
-6.70500000e-006,1.16000002e+000
-6.70000000e-006,1.14400002e+000
-6.69500000e-006,1.12800002e+000
-6.69000000e-006,1.16000002e+000
-6.68500000e-006,1.14400002e+000
-6.68000000e-006,1.14400002e+000
-6.67500000e-006,1.14400002e+000
-6.67000000e-006,1.16000002e+000
-6.66500000e-006,1.14400002e+000
-6.66000000e-006,1.17600002e+000
-6.65500000e-006,1.16000002e+000
-6.65000000e-006,1.14400002e+000
-6.64500000e-006,1.16000002e+000
-6.64000000e-006,1.14400002e+000
-6.63500000e-006,1.12800002e+000
-6.63000000e-006,1.16000002e+000
-6.62500000e-006,1.12800002e+000
-6.62000000e-006,1.14400002e+000
-6.61500000e-006,1.11200002e+000
-6.61000000e-006,1.12800002e+000
-6.60500000e-006,1.14400002e+000
-6.60000000e-006,1.14400002e+000
-6.59500000e-006,1.12800002e+000
-6.59000000e-006,1.11200002e+000
-6.58500000e-006,1.12800002e+000
-6.58000000e-006,1.12800002e+000
-6.57500000e-006,1.11200002e+000
-6.57000000e-006,1.11200002e+000
-6.56500000e-006,1.09600002e+000
-6.56000000e-006,1.11200002e+000
-6.55500000e-006,1.09600002e+000
-6.55000000e-006,1.11200002e+000
-6.54500000e-006,1.08000002e+000
-6.54000000e-006,1.09600002e+000
-6.53500000e-006,1.06400002e+000
-6.53000000e-006,1.08000002e+000
-6.52500000e-006,1.09600002e+000
-6.52000000e-006,1.06400002e+000
-6.51500000e-006,1.06400002e+000
-6.51000000e-006,1.06400002e+000
-6.50500000e-006,1.04800002e+000
-6.50000000e-006,1.06400002e+000
-6.49500000e-006,1.04800002e+000
-6.49000000e-006,1.04800002e+000
-6.48500000e-006,1.04800002e+000
-6.48000000e-006,1.04800002e+000
-6.47500000e-006,1.03200002e+000
-6.47000000e-006,1.04800002e+000
-6.46500000e-006,1.03200002e+000
-6.46000000e-006,1.03200002e+000
-6.45500000e-006,1.00000001e+000
-6.45000000e-006,1.01600001e+000
-6.44500000e-006,1.01600001e+000
-6.44000000e-006,1.00000001e+000
-6.43500000e-006,1.00000001e+000
-6.43000000e-006,1.00000001e+000
-6.42500000e-006,9.84000015e-001
-6.42000000e-006,9.84000015e-001
-6.41500000e-006,9.84000015e-001
-6.41000000e-006,9.84000015e-001
-6.40500000e-006,9.68000014e-001
-6.40000000e-006,9.52000014e-001
-6.39500000e-006,9.68000014e-001
-6.39000000e-006,9.36000014e-001
-6.38500000e-006,9.36000014e-001
-6.38000000e-006,9.20000014e-001
-6.37500000e-006,9.36000014e-001
-6.37000000e-006,9.36000014e-001
-6.36500000e-006,9.36000014e-001
-6.36000000e-006,9.20000014e-001
-6.35500000e-006,9.04000013e-001
-6.35000000e-006,9.20000014e-001
-6.34500000e-006,9.04000013e-001
-6.34000000e-006,8.88000013e-001
-6.33500000e-006,8.88000013e-001
-6.33000000e-006,8.88000013e-001
-6.32500000e-006,8.88000013e-001
-6.32000000e-006,8.88000013e-001
-6.31500000e-006,8.72000013e-001
-6.31000000e-006,8.72000013e-001
-6.30500000e-006,8.72000013e-001
-6.30000000e-006,8.72000013e-001
-6.29500000e-006,8.72000013e-001
-6.29000000e-006,8.40000012e-001
-6.28500000e-006,8.56000013e-001
-6.28000000e-006,8.40000012e-001
-6.27500000e-006,8.40000012e-001
-6.27000000e-006,8.56000013e-001
-6.26500000e-006,8.40000012e-001
-6.26000000e-006,8.40000012e-001
-6.25500000e-006,8.40000012e-001
-6.25000000e-006,8.40000012e-001
-6.24500000e-006,8.08000012e-001
-6.24000000e-006,8.24000012e-001
-6.23500000e-006,8.40000012e-001
-6.23000000e-006,8.40000012e-001
-6.22500000e-006,8.40000012e-001
-6.22000000e-006,8.40000012e-001
-6.21500000e-006,8.24000012e-001
-6.21000000e-006,8.08000012e-001
-6.20500000e-006,8.08000012e-001
-6.20000000e-006,8.40000012e-001
-6.19500000e-006,8.24000012e-001
-6.19000000e-006,8.40000012e-001
-6.18500000e-006,8.08000012e-001
-6.18000000e-006,8.40000012e-001
-6.17500000e-006,8.24000012e-001
-6.17000000e-006,8.40000012e-001
-6.16500000e-006,8.40000012e-001
-6.16000000e-006,8.40000012e-001
-6.15500000e-006,8.56000013e-001
-6.15000000e-006,8.24000012e-001
-6.14500000e-006,8.56000013e-001
-6.14000000e-006,8.56000013e-001
-6.13500000e-006,8.24000012e-001
-6.13000000e-006,8.72000013e-001
-6.12500000e-006,8.56000013e-001
-6.12000000e-006,8.72000013e-001
-6.11500000e-006,8.72000013e-001
-6.11000000e-006,8.72000013e-001
-6.10500000e-006,8.72000013e-001
-6.10000000e-006,8.72000013e-001
-6.09500000e-006,8.72000013e-001
-6.09000000e-006,8.88000013e-001
-6.08500000e-006,9.04000013e-001
-6.08000000e-006,9.04000013e-001
-6.07500000e-006,9.04000013e-001
-6.07000000e-006,9.04000013e-001
-6.06500000e-006,9.04000013e-001
-6.06000000e-006,9.36000014e-001
-6.05500000e-006,9.20000014e-001
-6.05000000e-006,9.20000014e-001
-6.04500000e-006,9.20000014e-001
-6.04000000e-006,9.36000014e-001
-6.03500000e-006,9.20000014e-001
-6.03000000e-006,9.52000014e-001
-6.02500000e-006,9.36000014e-001
-6.02000000e-006,9.52000014e-001
-6.01500000e-006,9.68000014e-001
-6.01000000e-006,9.36000014e-001
-6.00500000e-006,9.68000014e-001
-6.00000000e-006,9.84000015e-001
-5.99500000e-006,9.84000015e-001
-5.99000000e-006,9.84000015e-001
-5.98500000e-006,1.00000001e+000
-5.98000000e-006,1.00000001e+000
-5.97500000e-006,1.00000001e+000
-5.97000000e-006,1.00000001e+000
-5.96500000e-006,1.01600001e+000
-5.96000000e-006,1.01600001e+000
-5.95500000e-006,1.01600001e+000
-5.95000000e-006,1.03200002e+000
-5.94500000e-006,1.03200002e+000
-5.94000000e-006,1.03200002e+000
-5.93500000e-006,1.03200002e+000
-5.93000000e-006,1.04800002e+000
-5.92500000e-006,1.04800002e+000
-5.92000000e-006,1.03200002e+000
-5.91500000e-006,1.04800002e+000
-5.91000000e-006,1.08000002e+000
-5.90500000e-006,1.06400002e+000
-5.90000000e-006,1.08000002e+000
-5.89500000e-006,1.06400002e+000
-5.89000000e-006,1.08000002e+000
-5.88500000e-006,1.08000002e+000
-5.88000000e-006,1.09600002e+000
-5.87500000e-006,1.08000002e+000
-5.87000000e-006,1.08000002e+000
-5.86500000e-006,1.09600002e+000
-5.86000000e-006,1.09600002e+000
-5.85500000e-006,1.11200002e+000
-5.85000000e-006,1.09600002e+000
-5.84500000e-006,1.09600002e+000
-5.84000000e-006,1.09600002e+000
-5.83500000e-006,1.12800002e+000
-5.83000000e-006,1.12800002e+000
-5.82500000e-006,1.11200002e+000
-5.82000000e-006,1.14400002e+000
-5.81500000e-006,1.14400002e+000
-5.81000000e-006,1.14400002e+000
-5.80500000e-006,1.12800002e+000
-5.80000000e-006,1.14400002e+000
-5.79500000e-006,1.14400002e+000
-5.79000000e-006,1.11200002e+000
-5.78500000e-006,1.12800002e+000
-5.78000000e-006,1.14400002e+000
-5.77500000e-006,1.14400002e+000
-5.77000000e-006,1.16000002e+000
-5.76500000e-006,1.14400002e+000
-5.76000000e-006,1.14400002e+000
-5.75500000e-006,1.12800002e+000
-5.75000000e-006,1.14400002e+000
-5.74500000e-006,1.16000002e+000
-5.74000000e-006,1.14400002e+000
-5.73500000e-006,1.14400002e+000
-5.73000000e-006,1.14400002e+000
-5.72500000e-006,1.14400002e+000
-5.72000000e-006,1.16000002e+000
-5.71500000e-006,1.14400002e+000
-5.71000000e-006,1.16000002e+000
-5.70500000e-006,1.14400002e+000
-5.70000000e-006,1.16000002e+000
-5.69500000e-006,1.16000002e+000
-5.69000000e-006,1.14400002e+000
-5.68500000e-006,1.14400002e+000
-5.68000000e-006,1.14400002e+000
-5.67500000e-006,1.16000002e+000
-5.67000000e-006,1.14400002e+000
-5.66500000e-006,1.12800002e+000
-5.66000000e-006,1.14400002e+000
-5.65500000e-006,1.17600002e+000
-5.65000000e-006,1.12800002e+000
-5.64500000e-006,1.14400002e+000
-5.64000000e-006,1.14400002e+000
-5.63500000e-006,1.12800002e+000
-5.63000000e-006,1.14400002e+000
-5.62500000e-006,1.14400002e+000
-5.62000000e-006,1.16000002e+000
-5.61500000e-006,1.12800002e+000
-5.61000000e-006,1.12800002e+000
-5.60500000e-006,1.11200002e+000
-5.60000000e-006,1.12800002e+000
-5.59500000e-006,1.11200002e+000
-5.59000000e-006,1.14400002e+000
-5.58500000e-006,1.12800002e+000
-5.58000000e-006,1.12800002e+000
-5.57500000e-006,1.09600002e+000
-5.57000000e-006,1.11200002e+000
-5.56500000e-006,1.11200002e+000
-5.56000000e-006,1.11200002e+000
-5.55500000e-006,1.11200002e+000
-5.55000000e-006,1.14400002e+000
-5.54500000e-006,1.11200002e+000
-5.54000000e-006,1.08000002e+000
-5.53500000e-006,1.09600002e+000
-5.53000000e-006,1.06400002e+000
-5.52500000e-006,1.08000002e+000
-5.52000000e-006,1.06400002e+000
-5.51500000e-006,1.04800002e+000
-5.51000000e-006,1.06400002e+000
-5.50500000e-006,1.06400002e+000
-5.50000000e-006,1.04800002e+000
-5.49500000e-006,1.04800002e+000
-5.49000000e-006,1.04800002e+000
-5.48500000e-006,1.04800002e+000
-5.48000000e-006,1.03200002e+000
-5.47500000e-006,1.04800002e+000
-5.47000000e-006,1.04800002e+000
-5.46500000e-006,1.03200002e+000
-5.46000000e-006,1.03200002e+000
-5.45500000e-006,1.01600001e+000
-5.45000000e-006,1.01600001e+000
-5.44500000e-006,1.01600001e+000
-5.44000000e-006,1.01600001e+000
-5.43500000e-006,9.84000015e-001
-5.43000000e-006,9.84000015e-001
-5.42500000e-006,1.00000001e+000
-5.42000000e-006,9.84000015e-001
-5.41500000e-006,9.68000014e-001
-5.41000000e-006,9.84000015e-001
-5.40500000e-006,9.68000014e-001
-5.40000000e-006,9.52000014e-001
-5.39500000e-006,9.68000014e-001
-5.39000000e-006,9.36000014e-001
-5.38500000e-006,9.52000014e-001
-5.38000000e-006,9.36000014e-001
-5.37500000e-006,9.04000013e-001
-5.37000000e-006,9.36000014e-001
-5.36500000e-006,9.36000014e-001
-5.36000000e-006,9.36000014e-001
-5.35500000e-006,9.04000013e-001
-5.35000000e-006,9.04000013e-001
-5.34500000e-006,9.04000013e-001
-5.34000000e-006,8.88000013e-001
-5.33500000e-006,8.88000013e-001
-5.33000000e-006,9.04000013e-001
-5.32500000e-006,8.88000013e-001
-5.32000000e-006,8.88000013e-001
-5.31500000e-006,8.88000013e-001
-5.31000000e-006,8.56000013e-001
-5.30500000e-006,8.56000013e-001
-5.30000000e-006,8.56000013e-001
-5.29500000e-006,8.56000013e-001
-5.29000000e-006,8.56000013e-001
-5.28500000e-006,8.72000013e-001
-5.28000000e-006,8.40000012e-001
-5.27500000e-006,8.40000012e-001
-5.27000000e-006,8.40000012e-001
-5.26500000e-006,8.56000013e-001
-5.26000000e-006,8.40000012e-001
-5.25500000e-006,8.40000012e-001
-5.25000000e-006,8.40000012e-001
-5.24500000e-006,8.40000012e-001
-5.24000000e-006,8.40000012e-001
-5.23500000e-006,8.40000012e-001
-5.23000000e-006,8.08000012e-001
-5.22500000e-006,8.24000012e-001
-5.22000000e-006,8.40000012e-001
-5.21500000e-006,8.24000012e-001
-5.21000000e-006,8.24000012e-001
-5.20500000e-006,8.24000012e-001
-5.20000000e-006,8.24000012e-001
-5.19500000e-006,8.24000012e-001
-5.19000000e-006,8.40000012e-001
-5.18500000e-006,8.24000012e-001
-5.18000000e-006,8.40000012e-001
-5.17500000e-006,8.40000012e-001
-5.17000000e-006,8.40000012e-001
-5.16500000e-006,8.24000012e-001
-5.16000000e-006,8.40000012e-001
-5.15500000e-006,8.40000012e-001
-5.15000000e-006,8.40000012e-001
-5.14500000e-006,8.40000012e-001
-5.14000000e-006,8.40000012e-001
-5.13500000e-006,8.56000013e-001
-5.13000000e-006,8.40000012e-001
-5.12500000e-006,8.56000013e-001
-5.12000000e-006,8.72000013e-001
-5.11500000e-006,8.72000013e-001
-5.11000000e-006,8.72000013e-001
-5.10500000e-006,8.72000013e-001
-5.10000000e-006,8.72000013e-001
-5.09500000e-006,8.88000013e-001
-5.09000000e-006,8.88000013e-001
-5.08500000e-006,8.88000013e-001
-5.08000000e-006,9.04000013e-001
-5.07500000e-006,8.88000013e-001
-5.07000000e-006,9.04000013e-001
-5.06500000e-006,9.20000014e-001
-5.06000000e-006,9.04000013e-001
-5.05500000e-006,9.36000014e-001
-5.05000000e-006,9.20000014e-001
-5.04500000e-006,9.20000014e-001
-5.04000000e-006,9.52000014e-001
-5.03500000e-006,9.36000014e-001
-5.03000000e-006,9.52000014e-001
-5.02500000e-006,9.36000014e-001
-5.02000000e-006,9.68000014e-001
-5.01500000e-006,9.52000014e-001
-5.01000000e-006,9.68000014e-001
-5.00500000e-006,9.84000015e-001
-5.00000000e-006,9.68000014e-001
-4.99500000e-006,1.00000001e+000
-4.99000000e-006,1.00000001e+000
-4.98500000e-006,9.84000015e-001
-4.98000000e-006,1.00000001e+000
-4.97500000e-006,1.01600001e+000
-4.97000000e-006,1.01600001e+000
-4.96500000e-006,1.01600001e+000
-4.96000000e-006,1.00000001e+000
-4.95500000e-006,1.03200002e+000
-4.95000000e-006,1.03200002e+000
-4.94500000e-006,1.03200002e+000
-4.94000000e-006,1.03200002e+000
-4.93500000e-006,1.03200002e+000
-4.93000000e-006,1.06400002e+000
-4.92500000e-006,1.03200002e+000
-4.92000000e-006,1.06400002e+000
-4.91500000e-006,1.06400002e+000
-4.91000000e-006,1.08000002e+000
-4.90500000e-006,1.06400002e+000
-4.90000000e-006,1.06400002e+000
-4.89500000e-006,1.08000002e+000
-4.89000000e-006,1.06400002e+000
-4.88500000e-006,1.08000002e+000
-4.88000000e-006,1.08000002e+000
-4.87500000e-006,1.08000002e+000
-4.87000000e-006,1.09600002e+000
-4.86500000e-006,1.11200002e+000
-4.86000000e-006,1.09600002e+000
-4.85500000e-006,1.11200002e+000
-4.85000000e-006,1.09600002e+000
-4.84500000e-006,1.11200002e+000
-4.84000000e-006,1.11200002e+000
-4.83500000e-006,1.12800002e+000
-4.83000000e-006,1.12800002e+000
-4.82500000e-006,1.12800002e+000
-4.82000000e-006,1.14400002e+000
-4.81500000e-006,1.12800002e+000
-4.81000000e-006,1.14400002e+000
-4.80500000e-006,1.12800002e+000
-4.80000000e-006,1.14400002e+000
-4.79500000e-006,1.12800002e+000
-4.79000000e-006,1.14400002e+000
-4.78500000e-006,1.12800002e+000
-4.78000000e-006,1.14400002e+000
-4.77500000e-006,1.12800002e+000
-4.77000000e-006,1.14400002e+000
-4.76500000e-006,1.16000002e+000
-4.76000000e-006,1.14400002e+000
-4.75500000e-006,1.14400002e+000
-4.75000000e-006,1.14400002e+000
-4.74500000e-006,1.16000002e+000
-4.74000000e-006,1.17600002e+000
-4.73500000e-006,1.16000002e+000
-4.73000000e-006,1.16000002e+000
-4.72500000e-006,1.16000002e+000
-4.72000000e-006,1.14400002e+000
-4.71500000e-006,1.16000002e+000
-4.71000000e-006,1.14400002e+000
-4.70500000e-006,1.14400002e+000
-4.70000000e-006,1.14400002e+000
-4.69500000e-006,1.16000002e+000
-4.69000000e-006,1.14400002e+000
-4.68500000e-006,1.14400002e+000
-4.68000000e-006,1.14400002e+000
-4.67500000e-006,1.14400002e+000
-4.67000000e-006,1.14400002e+000
-4.66500000e-006,1.14400002e+000
-4.66000000e-006,1.14400002e+000
-4.65500000e-006,1.14400002e+000
-4.65000000e-006,1.12800002e+000
-4.64500000e-006,1.14400002e+000
-4.64000000e-006,1.14400002e+000
-4.63500000e-006,1.14400002e+000
-4.63000000e-006,1.12800002e+000
-4.62500000e-006,1.14400002e+000
-4.62000000e-006,1.12800002e+000
-4.61500000e-006,1.14400002e+000
-4.61000000e-006,1.12800002e+000
-4.60500000e-006,1.12800002e+000
-4.60000000e-006,1.14400002e+000
-4.59500000e-006,1.14400002e+000
-4.59000000e-006,1.12800002e+000
-4.58500000e-006,1.14400002e+000
-4.58000000e-006,1.14400002e+000
-4.57500000e-006,1.11200002e+000
-4.57000000e-006,1.11200002e+000
-4.56500000e-006,1.11200002e+000
-4.56000000e-006,1.09600002e+000
-4.55500000e-006,1.09600002e+000
-4.55000000e-006,1.09600002e+000
-4.54500000e-006,1.09600002e+000
-4.54000000e-006,1.09600002e+000
-4.53500000e-006,1.08000002e+000
-4.53000000e-006,1.08000002e+000
-4.52500000e-006,1.06400002e+000
-4.52000000e-006,1.08000002e+000
-4.51500000e-006,1.04800002e+000
-4.51000000e-006,1.08000002e+000
-4.50500000e-006,1.06400002e+000
-4.50000000e-006,1.08000002e+000
-4.49500000e-006,1.06400002e+000
-4.49000000e-006,1.04800002e+000
-4.48500000e-006,1.04800002e+000
-4.48000000e-006,1.04800002e+000
-4.47500000e-006,1.03200002e+000
-4.47000000e-006,1.01600001e+000
-4.46500000e-006,1.03200002e+000
-4.46000000e-006,1.01600001e+000
-4.45500000e-006,1.03200002e+000
-4.45000000e-006,1.03200002e+000
-4.44500000e-006,1.00000001e+000
-4.44000000e-006,1.01600001e+000
-4.43500000e-006,1.00000001e+000
-4.43000000e-006,1.00000001e+000
-4.42500000e-006,9.84000015e-001
-4.42000000e-006,9.68000014e-001
-4.41500000e-006,9.84000015e-001
-4.41000000e-006,9.84000015e-001
-4.40500000e-006,9.68000014e-001
-4.40000000e-006,9.68000014e-001
-4.39500000e-006,9.68000014e-001
-4.39000000e-006,9.36000014e-001
-4.38500000e-006,9.36000014e-001
-4.38000000e-006,9.36000014e-001
-4.37500000e-006,9.52000014e-001
-4.37000000e-006,9.20000014e-001
-4.36500000e-006,9.04000013e-001
-4.36000000e-006,9.20000014e-001
-4.35500000e-006,9.20000014e-001
-4.35000000e-006,9.04000013e-001
-4.34500000e-006,8.88000013e-001
-4.34000000e-006,9.04000013e-001
-4.33500000e-006,8.88000013e-001
-4.33000000e-006,8.88000013e-001
-4.32500000e-006,8.88000013e-001
-4.32000000e-006,8.88000013e-001
-4.31500000e-006,8.72000013e-001
-4.31000000e-006,8.72000013e-001
-4.30500000e-006,8.72000013e-001
-4.30000000e-006,8.72000013e-001
-4.29500000e-006,8.56000013e-001
-4.29000000e-006,8.40000012e-001
-4.28500000e-006,8.56000013e-001
-4.28000000e-006,8.24000012e-001
-4.27500000e-006,8.40000012e-001
-4.27000000e-006,8.56000013e-001
-4.26500000e-006,8.40000012e-001
-4.26000000e-006,8.56000013e-001
-4.25500000e-006,8.40000012e-001
-4.25000000e-006,8.56000013e-001
-4.24500000e-006,8.24000012e-001
-4.24000000e-006,8.40000012e-001
-4.23500000e-006,8.40000012e-001
-4.23000000e-006,8.24000012e-001
-4.22500000e-006,8.40000012e-001
-4.22000000e-006,8.24000012e-001
-4.21500000e-006,8.24000012e-001
-4.21000000e-006,8.08000012e-001
-4.20500000e-006,8.24000012e-001
-4.20000000e-006,8.24000012e-001
-4.19500000e-006,8.40000012e-001
-4.19000000e-006,8.24000012e-001
-4.18500000e-006,8.24000012e-001
-4.18000000e-006,8.40000012e-001
-4.17500000e-006,8.40000012e-001
-4.17000000e-006,8.40000012e-001
-4.16500000e-006,8.24000012e-001
-4.16000000e-006,8.40000012e-001
-4.15500000e-006,8.40000012e-001
-4.15000000e-006,8.24000012e-001
-4.14500000e-006,8.72000013e-001
-4.14000000e-006,8.56000013e-001
-4.13500000e-006,8.56000013e-001
-4.13000000e-006,8.88000013e-001
-4.12500000e-006,8.40000012e-001
-4.12000000e-006,8.72000013e-001
-4.11500000e-006,8.72000013e-001
-4.11000000e-006,8.56000013e-001
-4.10500000e-006,8.72000013e-001
-4.10000000e-006,8.72000013e-001
-4.09500000e-006,8.72000013e-001
-4.09000000e-006,8.72000013e-001
-4.08500000e-006,8.88000013e-001
-4.08000000e-006,8.88000013e-001
-4.07500000e-006,8.88000013e-001
-4.07000000e-006,9.04000013e-001
-4.06500000e-006,9.04000013e-001
-4.06000000e-006,9.20000014e-001
-4.05500000e-006,9.36000014e-001
-4.05000000e-006,9.04000013e-001
-4.04500000e-006,9.36000014e-001
-4.04000000e-006,9.36000014e-001
-4.03500000e-006,9.20000014e-001
-4.03000000e-006,9.36000014e-001
-4.02500000e-006,9.52000014e-001
-4.02000000e-006,9.52000014e-001
-4.01500000e-006,9.68000014e-001
-4.01000000e-006,9.84000015e-001
-4.00500000e-006,9.84000015e-001
-4.00000000e-006,1.00000001e+000
-3.99500000e-006,1.00000001e+000
-3.99000000e-006,1.00000001e+000
-3.98500000e-006,9.84000015e-001
-3.98000000e-006,1.00000001e+000
-3.97500000e-006,9.84000015e-001
-3.97000000e-006,1.01600001e+000
-3.96500000e-006,1.01600001e+000
-3.96000000e-006,1.03200002e+000
-3.95500000e-006,1.03200002e+000
-3.95000000e-006,1.01600001e+000
-3.94500000e-006,1.04800002e+000
-3.94000000e-006,1.03200002e+000
-3.93500000e-006,1.03200002e+000
-3.93000000e-006,1.06400002e+000
-3.92500000e-006,1.04800002e+000
-3.92000000e-006,1.06400002e+000
-3.91500000e-006,1.06400002e+000
-3.91000000e-006,1.08000002e+000
-3.90500000e-006,1.06400002e+000
-3.90000000e-006,1.06400002e+000
-3.89500000e-006,1.04800002e+000
-3.89000000e-006,1.08000002e+000
-3.88500000e-006,1.08000002e+000
-3.88000000e-006,1.09600002e+000
-3.87500000e-006,1.09600002e+000
-3.87000000e-006,1.11200002e+000
-3.86500000e-006,1.08000002e+000
-3.86000000e-006,1.09600002e+000
-3.85500000e-006,1.11200002e+000
-3.85000000e-006,1.11200002e+000
-3.84500000e-006,1.11200002e+000
-3.84000000e-006,1.12800002e+000
-3.83500000e-006,1.12800002e+000
-3.83000000e-006,1.12800002e+000
-3.82500000e-006,1.12800002e+000
-3.82000000e-006,1.14400002e+000
-3.81500000e-006,1.11200002e+000
-3.81000000e-006,1.12800002e+000
-3.80500000e-006,1.12800002e+000
-3.80000000e-006,1.12800002e+000
-3.79500000e-006,1.14400002e+000
-3.79000000e-006,1.14400002e+000
-3.78500000e-006,1.14400002e+000
-3.78000000e-006,1.12800002e+000
-3.77500000e-006,1.12800002e+000
-3.77000000e-006,1.14400002e+000
-3.76500000e-006,1.14400002e+000
-3.76000000e-006,1.14400002e+000
-3.75500000e-006,1.14400002e+000
-3.75000000e-006,1.16000002e+000
-3.74500000e-006,1.14400002e+000
-3.74000000e-006,1.16000002e+000
-3.73500000e-006,1.14400002e+000
-3.73000000e-006,1.16000002e+000
-3.72500000e-006,1.14400002e+000
-3.72000000e-006,1.14400002e+000
-3.71500000e-006,1.14400002e+000
-3.71000000e-006,1.16000002e+000
-3.70500000e-006,1.16000002e+000
-3.70000000e-006,1.16000002e+000
-3.69500000e-006,1.14400002e+000
-3.69000000e-006,1.16000002e+000
-3.68500000e-006,1.12800002e+000
-3.68000000e-006,1.14400002e+000
-3.67500000e-006,1.14400002e+000
-3.67000000e-006,1.14400002e+000
-3.66500000e-006,1.14400002e+000
-3.66000000e-006,1.12800002e+000
-3.65500000e-006,1.14400002e+000
-3.65000000e-006,1.12800002e+000
-3.64500000e-006,1.14400002e+000
-3.64000000e-006,1.14400002e+000
-3.63500000e-006,1.14400002e+000
-3.63000000e-006,1.14400002e+000
-3.62500000e-006,1.12800002e+000
-3.62000000e-006,1.16000002e+000
-3.61500000e-006,1.12800002e+000
-3.61000000e-006,1.14400002e+000
-3.60500000e-006,1.09600002e+000
-3.60000000e-006,1.12800002e+000
-3.59500000e-006,1.11200002e+000
-3.59000000e-006,1.11200002e+000
-3.58500000e-006,1.11200002e+000
-3.58000000e-006,1.11200002e+000
-3.57500000e-006,1.11200002e+000
-3.57000000e-006,1.11200002e+000
-3.56500000e-006,1.11200002e+000
-3.56000000e-006,1.11200002e+000
-3.55500000e-006,1.09600002e+000
-3.55000000e-006,1.09600002e+000
-3.54500000e-006,1.08000002e+000
-3.54000000e-006,1.08000002e+000
-3.53500000e-006,1.09600002e+000
-3.53000000e-006,1.08000002e+000
-3.52500000e-006,1.09600002e+000
-3.52000000e-006,1.08000002e+000
-3.51500000e-006,1.06400002e+000
-3.51000000e-006,1.06400002e+000
-3.50500000e-006,1.06400002e+000
-3.50000000e-006,1.06400002e+000
-3.49500000e-006,1.06400002e+000
-3.49000000e-006,1.08000002e+000
-3.48500000e-006,1.04800002e+000
-3.48000000e-006,1.04800002e+000
-3.47500000e-006,1.03200002e+000
-3.47000000e-006,1.04800002e+000
-3.46500000e-006,1.03200002e+000
-3.46000000e-006,1.04800002e+000
-3.45500000e-006,1.01600001e+000
-3.45000000e-006,1.01600001e+000
-3.44500000e-006,1.00000001e+000
-3.44000000e-006,1.01600001e+000
-3.43500000e-006,9.84000015e-001
-3.43000000e-006,9.84000015e-001
-3.42500000e-006,9.84000015e-001
-3.42000000e-006,9.84000015e-001
-3.41500000e-006,9.68000014e-001
-3.41000000e-006,9.52000014e-001
-3.40500000e-006,9.68000014e-001
-3.40000000e-006,9.84000015e-001
-3.39500000e-006,9.68000014e-001
-3.39000000e-006,9.36000014e-001
-3.38500000e-006,9.36000014e-001
-3.38000000e-006,9.52000014e-001
-3.37500000e-006,9.36000014e-001
-3.37000000e-006,9.20000014e-001
-3.36500000e-006,9.20000014e-001
-3.36000000e-006,9.36000014e-001
-3.35500000e-006,9.04000013e-001
-3.35000000e-006,9.04000013e-001
-3.34500000e-006,9.20000014e-001
-3.34000000e-006,8.88000013e-001
-3.33500000e-006,8.88000013e-001
-3.33000000e-006,8.72000013e-001
-3.32500000e-006,8.72000013e-001
-3.32000000e-006,8.72000013e-001
-3.31500000e-006,8.72000013e-001
-3.31000000e-006,8.88000013e-001
-3.30500000e-006,8.56000013e-001
-3.30000000e-006,8.72000013e-001
-3.29500000e-006,8.56000013e-001
-3.29000000e-006,8.40000012e-001
-3.28500000e-006,8.56000013e-001
-3.28000000e-006,8.72000013e-001
-3.27500000e-006,8.40000012e-001
-3.27000000e-006,8.40000012e-001
-3.26500000e-006,8.24000012e-001
-3.26000000e-006,8.40000012e-001
-3.25500000e-006,8.40000012e-001
-3.25000000e-006,8.40000012e-001
-3.24500000e-006,8.40000012e-001
-3.24000000e-006,8.40000012e-001
-3.23500000e-006,8.24000012e-001
-3.23000000e-006,8.40000012e-001
-3.22500000e-006,8.24000012e-001
-3.22000000e-006,8.24000012e-001
-3.21500000e-006,8.08000012e-001
-3.21000000e-006,8.24000012e-001
-3.20500000e-006,8.08000012e-001
-3.20000000e-006,8.40000012e-001
-3.19500000e-006,8.40000012e-001
-3.19000000e-006,8.24000012e-001
-3.18500000e-006,8.24000012e-001
-3.18000000e-006,8.24000012e-001
-3.17500000e-006,8.40000012e-001
-3.17000000e-006,8.24000012e-001
-3.16500000e-006,8.40000012e-001
-3.16000000e-006,8.24000012e-001
-3.15500000e-006,8.24000012e-001
-3.15000000e-006,8.40000012e-001
-3.14500000e-006,8.40000012e-001
-3.14000000e-006,8.40000012e-001
-3.13500000e-006,8.40000012e-001
-3.13000000e-006,8.40000012e-001
-3.12500000e-006,8.56000013e-001
-3.12000000e-006,8.56000013e-001
-3.11500000e-006,8.72000013e-001
-3.11000000e-006,8.72000013e-001
-3.10500000e-006,8.72000013e-001
-3.10000000e-006,8.56000013e-001
-3.09500000e-006,8.72000013e-001
-3.09000000e-006,8.72000013e-001
-3.08500000e-006,8.88000013e-001
-3.08000000e-006,9.04000013e-001
-3.07500000e-006,8.72000013e-001
-3.07000000e-006,8.88000013e-001
-3.06500000e-006,9.04000013e-001
-3.06000000e-006,9.20000014e-001
-3.05500000e-006,9.04000013e-001
-3.05000000e-006,9.36000014e-001
-3.04500000e-006,9.20000014e-001
-3.04000000e-006,9.36000014e-001
-3.03500000e-006,9.36000014e-001
-3.03000000e-006,9.36000014e-001
-3.02500000e-006,9.68000014e-001
-3.02000000e-006,9.68000014e-001
-3.01500000e-006,9.52000014e-001
-3.01000000e-006,9.68000014e-001
-3.00500000e-006,9.68000014e-001
-3.00000000e-006,9.84000015e-001
-2.99500000e-006,9.84000015e-001
-2.99000000e-006,9.84000015e-001
-2.98500000e-006,9.84000015e-001
-2.98000000e-006,9.84000015e-001
-2.97500000e-006,1.00000001e+000
-2.97000000e-006,1.01600001e+000
-2.96500000e-006,1.01600001e+000
-2.96000000e-006,1.01600001e+000
-2.95500000e-006,1.03200002e+000
-2.95000000e-006,1.03200002e+000
-2.94500000e-006,1.01600001e+000
-2.94000000e-006,1.03200002e+000
-2.93500000e-006,1.04800002e+000
-2.93000000e-006,1.04800002e+000
-2.92500000e-006,1.04800002e+000
-2.92000000e-006,1.04800002e+000
-2.91500000e-006,1.04800002e+000
-2.91000000e-006,1.08000002e+000
-2.90500000e-006,1.08000002e+000
-2.90000000e-006,1.06400002e+000
-2.89500000e-006,1.06400002e+000
-2.89000000e-006,1.09600002e+000
-2.88500000e-006,1.08000002e+000
-2.88000000e-006,1.09600002e+000
-2.87500000e-006,1.08000002e+000
-2.87000000e-006,1.09600002e+000
-2.86500000e-006,1.11200002e+000
-2.86000000e-006,1.08000002e+000
-2.85500000e-006,1.09600002e+000
-2.85000000e-006,1.11200002e+000
-2.84500000e-006,1.11200002e+000
-2.84000000e-006,1.11200002e+000
-2.83500000e-006,1.11200002e+000
-2.83000000e-006,1.12800002e+000
-2.82500000e-006,1.12800002e+000
-2.82000000e-006,1.11200002e+000
-2.81500000e-006,1.14400002e+000
-2.81000000e-006,1.11200002e+000
-2.80500000e-006,1.12800002e+000
-2.80000000e-006,1.14400002e+000
-2.79500000e-006,1.14400002e+000
-2.79000000e-006,1.14400002e+000
-2.78500000e-006,1.14400002e+000
-2.78000000e-006,1.12800002e+000
-2.77500000e-006,1.14400002e+000
-2.77000000e-006,1.14400002e+000
-2.76500000e-006,1.12800002e+000
-2.76000000e-006,1.14400002e+000
-2.75500000e-006,1.14400002e+000
-2.75000000e-006,1.16000002e+000
-2.74500000e-006,1.14400002e+000
-2.74000000e-006,1.12800002e+000
-2.73500000e-006,1.14400002e+000
-2.73000000e-006,1.14400002e+000
-2.72500000e-006,1.16000002e+000
-2.72000000e-006,1.14400002e+000
-2.71500000e-006,1.14400002e+000
-2.71000000e-006,1.14400002e+000
-2.70500000e-006,1.16000002e+000
-2.70000000e-006,1.16000002e+000
-2.69500000e-006,1.16000002e+000
-2.69000000e-006,1.14400002e+000
-2.68500000e-006,1.14400002e+000
-2.68000000e-006,1.16000002e+000
-2.67500000e-006,1.14400002e+000
-2.67000000e-006,1.14400002e+000
-2.66500000e-006,1.14400002e+000
-2.66000000e-006,1.16000002e+000
-2.65500000e-006,1.12800002e+000
-2.65000000e-006,1.14400002e+000
-2.64500000e-006,1.12800002e+000
-2.64000000e-006,1.14400002e+000
-2.63500000e-006,1.12800002e+000
-2.63000000e-006,1.14400002e+000
-2.62500000e-006,1.14400002e+000
-2.62000000e-006,1.14400002e+000
-2.61500000e-006,1.12800002e+000
-2.61000000e-006,1.12800002e+000
-2.60500000e-006,1.12800002e+000
-2.60000000e-006,1.12800002e+000
-2.59500000e-006,1.12800002e+000
-2.59000000e-006,1.12800002e+000
-2.58500000e-006,1.11200002e+000
-2.58000000e-006,1.11200002e+000
-2.57500000e-006,1.11200002e+000
-2.57000000e-006,1.11200002e+000
-2.56500000e-006,1.11200002e+000
-2.56000000e-006,1.11200002e+000
-2.55500000e-006,1.09600002e+000
-2.55000000e-006,1.09600002e+000
-2.54500000e-006,1.09600002e+000
-2.54000000e-006,1.09600002e+000
-2.53500000e-006,1.08000002e+000
-2.53000000e-006,1.08000002e+000
-2.52500000e-006,1.08000002e+000
-2.52000000e-006,1.06400002e+000
-2.51500000e-006,1.06400002e+000
-2.51000000e-006,1.06400002e+000
-2.50500000e-006,1.04800002e+000
-2.50000000e-006,1.06400002e+000
-2.49500000e-006,1.04800002e+000
-2.49000000e-006,1.06400002e+000
-2.48500000e-006,1.04800002e+000
-2.48000000e-006,1.04800002e+000
-2.47500000e-006,1.04800002e+000
-2.47000000e-006,1.04800002e+000
-2.46500000e-006,1.03200002e+000
-2.46000000e-006,1.03200002e+000
-2.45500000e-006,1.03200002e+000
-2.45000000e-006,1.01600001e+000
-2.44500000e-006,9.84000015e-001
-2.44000000e-006,1.00000001e+000
-2.43500000e-006,1.00000001e+000
-2.43000000e-006,1.00000001e+000
-2.42500000e-006,1.00000001e+000
-2.42000000e-006,9.84000015e-001
-2.41500000e-006,9.68000014e-001
-2.41000000e-006,9.68000014e-001
-2.40500000e-006,9.68000014e-001
-2.40000000e-006,9.36000014e-001
-2.39500000e-006,9.36000014e-001
-2.39000000e-006,9.36000014e-001
-2.38500000e-006,9.52000014e-001
-2.38000000e-006,9.36000014e-001
-2.37500000e-006,9.20000014e-001
-2.37000000e-006,9.20000014e-001
-2.36500000e-006,9.36000014e-001
-2.36000000e-006,9.20000014e-001
-2.35500000e-006,9.20000014e-001
-2.35000000e-006,9.04000013e-001
-2.34500000e-006,9.04000013e-001
-2.34000000e-006,8.88000013e-001
-2.33500000e-006,9.04000013e-001
-2.33000000e-006,8.88000013e-001
-2.32500000e-006,8.88000013e-001
-2.32000000e-006,8.88000013e-001
-2.31500000e-006,8.72000013e-001
-2.31000000e-006,8.56000013e-001
-2.30500000e-006,8.88000013e-001
-2.30000000e-006,8.72000013e-001
-2.29500000e-006,8.56000013e-001
-2.29000000e-006,8.40000012e-001
-2.28500000e-006,8.56000013e-001
-2.28000000e-006,8.40000012e-001
-2.27500000e-006,8.40000012e-001
-2.27000000e-006,8.56000013e-001
-2.26500000e-006,8.40000012e-001
-2.26000000e-006,8.24000012e-001
-2.25500000e-006,8.40000012e-001
-2.25000000e-006,8.24000012e-001
-2.24500000e-006,8.40000012e-001
-2.24000000e-006,8.24000012e-001
-2.23500000e-006,8.40000012e-001
-2.23000000e-006,8.24000012e-001
-2.22500000e-006,8.24000012e-001
-2.22000000e-006,8.24000012e-001
-2.21500000e-006,8.24000012e-001
-2.21000000e-006,8.24000012e-001
-2.20500000e-006,8.40000012e-001
-2.20000000e-006,8.24000012e-001
-2.19500000e-006,8.24000012e-001
-2.19000000e-006,8.24000012e-001
-2.18500000e-006,8.24000012e-001
-2.18000000e-006,8.40000012e-001
-2.17500000e-006,8.40000012e-001
-2.17000000e-006,8.40000012e-001
-2.16500000e-006,8.24000012e-001
-2.16000000e-006,8.40000012e-001
-2.15500000e-006,8.40000012e-001
-2.15000000e-006,8.40000012e-001
-2.14500000e-006,8.40000012e-001
-2.14000000e-006,8.40000012e-001
-2.13500000e-006,8.40000012e-001
-2.13000000e-006,8.40000012e-001
-2.12500000e-006,8.56000013e-001
-2.12000000e-006,8.88000013e-001
-2.11500000e-006,8.56000013e-001
-2.11000000e-006,8.72000013e-001
-2.10500000e-006,8.72000013e-001
-2.10000000e-006,8.72000013e-001
-2.09500000e-006,8.72000013e-001
-2.09000000e-006,8.88000013e-001
-2.08500000e-006,8.72000013e-001
-2.08000000e-006,8.88000013e-001
-2.07500000e-006,8.88000013e-001
-2.07000000e-006,8.88000013e-001
-2.06500000e-006,8.88000013e-001
-2.06000000e-006,9.36000014e-001
-2.05500000e-006,9.20000014e-001
-2.05000000e-006,9.36000014e-001
-2.04500000e-006,9.20000014e-001
-2.04000000e-006,9.52000014e-001
-2.03500000e-006,9.52000014e-001
-2.03000000e-006,9.52000014e-001
-2.02500000e-006,9.36000014e-001
-2.02000000e-006,9.52000014e-001
-2.01500000e-006,9.68000014e-001
-2.01000000e-006,9.68000014e-001
-2.00500000e-006,9.68000014e-001
-2.00000000e-006,9.68000014e-001
-1.99500000e-006,9.68000014e-001
-1.99000000e-006,9.84000015e-001
-1.98500000e-006,1.00000001e+000
-1.98000000e-006,1.00000001e+000
-1.97500000e-006,1.00000001e+000
-1.97000000e-006,1.01600001e+000
-1.96500000e-006,1.03200002e+000
-1.96000000e-006,1.01600001e+000
-1.95500000e-006,1.01600001e+000
-1.95000000e-006,1.03200002e+000
-1.94500000e-006,1.03200002e+000
-1.94000000e-006,1.03200002e+000
-1.93500000e-006,1.01600001e+000
-1.93000000e-006,1.04800002e+000
-1.92500000e-006,1.04800002e+000
-1.92000000e-006,1.08000002e+000
-1.91500000e-006,1.06400002e+000
-1.91000000e-006,1.06400002e+000
-1.90500000e-006,1.04800002e+000
-1.90000000e-006,1.08000002e+000
-1.89500000e-006,1.06400002e+000
-1.89000000e-006,1.08000002e+000
-1.88500000e-006,1.08000002e+000
-1.88000000e-006,1.08000002e+000
-1.87500000e-006,1.08000002e+000
-1.87000000e-006,1.09600002e+000
-1.86500000e-006,1.11200002e+000
-1.86000000e-006,1.12800002e+000
-1.85500000e-006,1.09600002e+000
-1.85000000e-006,1.08000002e+000
-1.84500000e-006,1.09600002e+000
-1.84000000e-006,1.11200002e+000
-1.83500000e-006,1.09600002e+000
-1.83000000e-006,1.11200002e+000
-1.82500000e-006,1.09600002e+000
-1.82000000e-006,1.12800002e+000
-1.81500000e-006,1.11200002e+000
-1.81000000e-006,1.12800002e+000
-1.80500000e-006,1.12800002e+000
-1.80000000e-006,1.14400002e+000
-1.79500000e-006,1.14400002e+000
-1.79000000e-006,1.14400002e+000
-1.78500000e-006,1.14400002e+000
-1.78000000e-006,1.14400002e+000
-1.77500000e-006,1.12800002e+000
-1.77000000e-006,1.14400002e+000
-1.76500000e-006,1.14400002e+000
-1.76000000e-006,1.14400002e+000
-1.75500000e-006,1.14400002e+000
-1.75000000e-006,1.14400002e+000
-1.74500000e-006,1.14400002e+000
-1.74000000e-006,1.16000002e+000
-1.73500000e-006,1.14400002e+000
-1.73000000e-006,1.14400002e+000
-1.72500000e-006,1.14400002e+000
-1.72000000e-006,1.12800002e+000
-1.71500000e-006,1.16000002e+000
-1.71000000e-006,1.14400002e+000
-1.70500000e-006,1.16000002e+000
-1.70000000e-006,1.14400002e+000
-1.69500000e-006,1.16000002e+000
-1.69000000e-006,1.14400002e+000
-1.68500000e-006,1.16000002e+000
-1.68000000e-006,1.14400002e+000
-1.67500000e-006,1.16000002e+000
-1.67000000e-006,1.14400002e+000
-1.66500000e-006,1.14400002e+000
-1.66000000e-006,1.14400002e+000
-1.65500000e-006,1.12800002e+000
-1.65000000e-006,1.14400002e+000
-1.64500000e-006,1.14400002e+000
-1.64000000e-006,1.12800002e+000
-1.63500000e-006,1.14400002e+000
-1.63000000e-006,1.14400002e+000
-1.62500000e-006,1.12800002e+000
-1.62000000e-006,1.14400002e+000
-1.61500000e-006,1.14400002e+000
-1.61000000e-006,1.12800002e+000
-1.60500000e-006,1.12800002e+000
-1.60000000e-006,1.14400002e+000
-1.59500000e-006,1.11200002e+000
-1.59000000e-006,1.12800002e+000
-1.58500000e-006,1.12800002e+000
-1.58000000e-006,1.11200002e+000
-1.57500000e-006,1.12800002e+000
-1.57000000e-006,1.09600002e+000
-1.56500000e-006,1.11200002e+000
-1.56000000e-006,1.11200002e+000
-1.55500000e-006,1.09600002e+000
-1.55000000e-006,1.11200002e+000
-1.54500000e-006,1.08000002e+000
-1.54000000e-006,1.09600002e+000
-1.53500000e-006,1.09600002e+000
-1.53000000e-006,1.08000002e+000
-1.52500000e-006,1.06400002e+000
-1.52000000e-006,1.08000002e+000
-1.51500000e-006,1.06400002e+000
-1.51000000e-006,1.08000002e+000
-1.50500000e-006,1.04800002e+000
-1.50000000e-006,1.06400002e+000
-1.49500000e-006,1.06400002e+000
-1.49000000e-006,1.06400002e+000
-1.48500000e-006,1.04800002e+000
-1.48000000e-006,1.04800002e+000
-1.47500000e-006,1.04800002e+000
-1.47000000e-006,1.03200002e+000
-1.46500000e-006,1.01600001e+000
-1.46000000e-006,1.03200002e+000
-1.45500000e-006,1.01600001e+000
-1.45000000e-006,1.00000001e+000
-1.44500000e-006,1.03200002e+000
-1.44000000e-006,1.01600001e+000
-1.43500000e-006,9.84000015e-001
-1.43000000e-006,1.00000001e+000
-1.42500000e-006,9.84000015e-001
-1.42000000e-006,9.84000015e-001
-1.41500000e-006,9.84000015e-001
-1.41000000e-006,9.68000014e-001
-1.40500000e-006,9.84000015e-001
-1.40000000e-006,9.52000014e-001
-1.39500000e-006,9.68000014e-001
-1.39000000e-006,9.20000014e-001
-1.38500000e-006,9.36000014e-001
-1.38000000e-006,9.52000014e-001
-1.37500000e-006,9.36000014e-001
-1.37000000e-006,9.36000014e-001
-1.36500000e-006,9.20000014e-001
-1.36000000e-006,9.20000014e-001
-1.35500000e-006,9.20000014e-001
-1.35000000e-006,9.20000014e-001
-1.34500000e-006,9.04000013e-001
-1.34000000e-006,8.88000013e-001
-1.33500000e-006,9.04000013e-001
-1.33000000e-006,8.88000013e-001
-1.32500000e-006,8.72000013e-001
-1.32000000e-006,8.72000013e-001
-1.31500000e-006,8.72000013e-001
-1.31000000e-006,8.56000013e-001
-1.30500000e-006,8.56000013e-001
-1.30000000e-006,8.24000012e-001
-1.29500000e-006,8.40000012e-001
-1.29000000e-006,8.56000013e-001
-1.28500000e-006,8.40000012e-001
-1.28000000e-006,8.56000013e-001
-1.27500000e-006,8.40000012e-001
-1.27000000e-006,8.56000013e-001
-1.26500000e-006,8.24000012e-001
-1.26000000e-006,8.24000012e-001
-1.25500000e-006,8.40000012e-001
-1.25000000e-006,8.40000012e-001
-1.24500000e-006,8.24000012e-001
-1.24000000e-006,8.24000012e-001
-1.23500000e-006,8.40000012e-001
-1.23000000e-006,8.08000012e-001
-1.22500000e-006,8.08000012e-001
-1.22000000e-006,8.40000012e-001
-1.21500000e-006,8.40000012e-001
-1.21000000e-006,8.24000012e-001
-1.20500000e-006,8.08000012e-001
-1.20000000e-006,8.24000012e-001
-1.19500000e-006,8.24000012e-001
-1.19000000e-006,8.40000012e-001
-1.18500000e-006,8.24000012e-001
-1.18000000e-006,8.24000012e-001
-1.17500000e-006,8.24000012e-001
-1.17000000e-006,8.40000012e-001
-1.16500000e-006,8.24000012e-001
-1.16000000e-006,8.24000012e-001
-1.15500000e-006,8.24000012e-001
-1.15000000e-006,8.40000012e-001
-1.14500000e-006,8.40000012e-001
-1.14000000e-006,8.24000012e-001
-1.13500000e-006,8.40000012e-001
-1.13000000e-006,8.72000013e-001
-1.12500000e-006,8.56000013e-001
-1.12000000e-006,8.56000013e-001
-1.11500000e-006,8.72000013e-001
-1.11000000e-006,8.56000013e-001
-1.10500000e-006,8.72000013e-001
-1.10000000e-006,8.72000013e-001
-1.09500000e-006,8.88000013e-001
-1.09000000e-006,9.04000013e-001
-1.08500000e-006,8.88000013e-001
-1.08000000e-006,9.04000013e-001
-1.07500000e-006,8.88000013e-001
-1.07000000e-006,9.20000014e-001
-1.06500000e-006,8.88000013e-001
-1.06000000e-006,9.20000014e-001
-1.05500000e-006,9.04000013e-001
-1.05000000e-006,9.20000014e-001
-1.04500000e-006,9.36000014e-001
-1.04000000e-006,9.36000014e-001
-1.03500000e-006,9.52000014e-001
-1.03000000e-006,9.36000014e-001
-1.02500000e-006,9.52000014e-001
-1.02000000e-006,9.52000014e-001
-1.01500000e-006,9.68000014e-001
-1.01000000e-006,9.68000014e-001
-1.00500000e-006,9.68000014e-001
-1.00000000e-006,9.68000014e-001
-9.95000000e-007,9.68000014e-001
-9.90000000e-007,9.84000015e-001
-9.85000000e-007,9.84000015e-001
-9.80000000e-007,1.00000001e+000
-9.75000000e-007,1.00000001e+000
-9.70000000e-007,1.00000001e+000
-9.65000000e-007,1.00000001e+000
-9.60000000e-007,1.01600001e+000
-9.55000000e-007,1.01600001e+000
-9.50000000e-007,1.01600001e+000
-9.45000000e-007,1.03200002e+000
-9.40000000e-007,1.03200002e+000
-9.35000000e-007,1.04800002e+000
-9.30000000e-007,1.06400002e+000
-9.25000000e-007,1.04800002e+000
-9.20000000e-007,1.06400002e+000
-9.15000000e-007,1.04800002e+000
-9.10000000e-007,1.06400002e+000
-9.05000000e-007,1.04800002e+000
-9.00000000e-007,1.08000002e+000
-8.95000000e-007,1.08000002e+000
-8.90000000e-007,1.08000002e+000
-8.85000000e-007,1.08000002e+000
-8.80000000e-007,1.08000002e+000
-8.75000000e-007,1.09600002e+000
-8.70000000e-007,1.09600002e+000
-8.65000000e-007,1.08000002e+000
-8.60000000e-007,1.11200002e+000
-8.55000000e-007,1.09600002e+000
-8.50000000e-007,1.12800002e+000
-8.45000000e-007,1.11200002e+000
-8.40000000e-007,1.12800002e+000
-8.35000000e-007,1.11200002e+000
-8.30000000e-007,1.11200002e+000
-8.25000000e-007,1.12800002e+000
-8.20000000e-007,1.11200002e+000
-8.15000000e-007,1.11200002e+000
-8.10000000e-007,1.12800002e+000
-8.05000000e-007,1.12800002e+000
-8.00000000e-007,1.14400002e+000
-7.95000000e-007,1.14400002e+000
-7.90000000e-007,1.14400002e+000
-7.85000000e-007,1.14400002e+000
-7.80000000e-007,1.14400002e+000
-7.75000000e-007,1.12800002e+000
-7.70000000e-007,1.12800002e+000
-7.65000000e-007,1.14400002e+000
-7.60000000e-007,1.16000002e+000
-7.55000000e-007,1.14400002e+000
-7.50000000e-007,1.14400002e+000
-7.45000000e-007,1.12800002e+000
-7.40000000e-007,1.14400002e+000
-7.35000000e-007,1.14400002e+000
-7.30000000e-007,1.16000002e+000
-7.25000000e-007,1.14400002e+000
-7.20000000e-007,1.12800002e+000
-7.15000000e-007,1.16000002e+000
-7.10000000e-007,1.14400002e+000
-7.05000000e-007,1.12800002e+000
-7.00000000e-007,1.16000002e+000
-6.95000000e-007,1.14400002e+000
-6.90000000e-007,1.14400002e+000
-6.85000000e-007,1.14400002e+000
-6.80000000e-007,1.16000002e+000
-6.75000000e-007,1.14400002e+000
-6.70000000e-007,1.16000002e+000
-6.65000000e-007,1.14400002e+000
-6.60000000e-007,1.16000002e+000
-6.55000000e-007,1.14400002e+000
-6.50000000e-007,1.14400002e+000
-6.45000000e-007,1.12800002e+000
-6.40000000e-007,1.14400002e+000
-6.35000000e-007,1.14400002e+000
-6.30000000e-007,1.16000002e+000
-6.25000000e-007,1.12800002e+000
-6.20000000e-007,1.14400002e+000
-6.15000000e-007,1.14400002e+000
-6.10000000e-007,1.12800002e+000
-6.05000000e-007,1.11200002e+000
-6.00000000e-007,1.12800002e+000
-5.95000000e-007,1.12800002e+000
-5.90000000e-007,1.14400002e+000
-5.85000000e-007,1.11200002e+000
-5.80000000e-007,1.11200002e+000
-5.75000000e-007,1.09600002e+000
-5.70000000e-007,1.11200002e+000
-5.65000000e-007,1.09600002e+000
-5.60000000e-007,1.11200002e+000
-5.55000000e-007,1.11200002e+000
-5.50000000e-007,1.09600002e+000
-5.45000000e-007,1.09600002e+000
-5.40000000e-007,1.09600002e+000
-5.35000000e-007,1.08000002e+000
-5.30000000e-007,1.09600002e+000
-5.25000000e-007,1.08000002e+000
-5.20000000e-007,1.08000002e+000
-5.15000000e-007,1.08000002e+000
-5.10000000e-007,1.08000002e+000
-5.05000000e-007,1.06400002e+000
-5.00000000e-007,1.04800002e+000
-4.95000000e-007,1.06400002e+000
-4.90000000e-007,1.04800002e+000
-4.85000000e-007,1.04800002e+000
-4.80000000e-007,1.04800002e+000
-4.75000000e-007,1.04800002e+000
-4.70000000e-007,1.04800002e+000
-4.65000000e-007,1.03200002e+000
-4.60000000e-007,1.03200002e+000
-4.55000000e-007,1.03200002e+000
-4.50000000e-007,1.00000001e+000
-4.45000000e-007,1.01600001e+000
-4.40000000e-007,1.00000001e+000
-4.35000000e-007,1.00000001e+000
-4.30000000e-007,1.00000001e+000
-4.25000000e-007,1.00000001e+000
-4.20000000e-007,9.84000015e-001
-4.15000000e-007,9.68000014e-001
-4.10000000e-007,9.68000014e-001
-4.05000000e-007,9.68000014e-001
-4.00000000e-007,9.52000014e-001
-3.95000000e-007,9.52000014e-001
-3.90000000e-007,9.68000014e-001
-3.85000000e-007,9.52000014e-001
-3.80000000e-007,9.36000014e-001
-3.75000000e-007,9.36000014e-001
-3.70000000e-007,9.20000014e-001
-3.65000000e-007,9.36000014e-001
-3.60000000e-007,9.36000014e-001
-3.55000000e-007,9.20000014e-001
-3.50000000e-007,9.04000013e-001
-3.45000000e-007,9.20000014e-001
-3.40000000e-007,9.04000013e-001
-3.35000000e-007,9.04000013e-001
-3.30000000e-007,8.88000013e-001
-3.25000000e-007,8.88000013e-001
-3.20000000e-007,8.88000013e-001
-3.15000000e-007,8.88000013e-001
-3.10000000e-007,8.88000013e-001
-3.05000000e-007,8.56000013e-001
-3.00000000e-007,8.72000013e-001
-2.95000000e-007,8.72000013e-001
-2.90000000e-007,8.40000012e-001
-2.85000000e-007,8.56000013e-001
-2.80000000e-007,8.56000013e-001
-2.75000000e-007,8.40000012e-001
-2.70000000e-007,8.56000013e-001
-2.65000000e-007,8.40000012e-001
-2.60000000e-007,8.56000013e-001
-2.55000000e-007,8.40000012e-001
-2.50000000e-007,8.40000012e-001
-2.45000000e-007,8.40000012e-001
-2.40000000e-007,8.40000012e-001
-2.35000000e-007,8.40000012e-001
-2.30000000e-007,8.08000012e-001
-2.25000000e-007,8.24000012e-001
-2.20000000e-007,8.24000012e-001
-2.15000000e-007,8.40000012e-001
-2.10000000e-007,8.24000012e-001
-2.05000000e-007,8.40000012e-001
-2.00000000e-007,8.40000012e-001
-1.95000000e-007,8.08000012e-001
-1.90000000e-007,8.40000012e-001
-1.85000000e-007,8.40000012e-001
-1.80000000e-007,8.24000012e-001
-1.75000000e-007,8.24000012e-001
-1.70000000e-007,8.24000012e-001
-1.65000000e-007,8.40000012e-001
-1.60000000e-007,8.40000012e-001
-1.55000000e-007,8.24000012e-001
-1.50000000e-007,8.40000012e-001
-1.45000000e-007,8.40000012e-001
-1.40000000e-007,8.56000013e-001
-1.35000000e-007,8.56000013e-001
-1.30000000e-007,8.56000013e-001
-1.25000000e-007,8.56000013e-001
-1.20000000e-007,8.56000013e-001
-1.15000000e-007,8.56000013e-001
-1.10000000e-007,8.56000013e-001
-1.05000000e-007,8.72000013e-001
-1.00000000e-007,8.72000013e-001
-9.50000000e-008,8.88000013e-001
-9.00000000e-008,8.88000013e-001
-8.50000000e-008,9.04000013e-001
-8.00000000e-008,9.04000013e-001
-7.50000000e-008,8.88000013e-001
-7.00000000e-008,9.20000014e-001
-6.50000000e-008,8.88000013e-001
-6.00000000e-008,9.04000013e-001
-5.50000000e-008,9.36000014e-001
-5.00000000e-008,9.36000014e-001
-4.50000000e-008,9.36000014e-001
-4.00000000e-008,9.36000014e-001
-3.50000000e-008,9.52000014e-001
-3.00000000e-008,9.52000014e-001
-2.50000000e-008,9.68000014e-001
-2.00000000e-008,9.36000014e-001
-1.50000000e-008,9.52000014e-001
-1.00000000e-008,9.84000015e-001
-5.00000000e-009,9.68000014e-001
0.00000000e+000,9.84000015e-001
5.00000000e-009,9.68000014e-001
1.00000000e-008,9.84000015e-001
1.50000000e-008,9.84000015e-001
2.00000000e-008,1.00000001e+000
2.50000000e-008,1.00000001e+000
3.00000000e-008,1.01600001e+000
3.50000000e-008,1.01600001e+000
4.00000000e-008,1.01600001e+000
4.50000000e-008,1.03200002e+000
5.00000000e-008,1.03200002e+000
5.50000000e-008,1.03200002e+000
6.00000000e-008,1.03200002e+000
6.50000000e-008,1.04800002e+000
7.00000000e-008,1.03200002e+000
7.50000000e-008,1.04800002e+000
8.00000000e-008,1.04800002e+000
8.50000000e-008,1.04800002e+000
9.00000000e-008,1.06400002e+000
9.50000000e-008,1.04800002e+000
1.00000000e-007,1.08000002e+000
1.05000000e-007,1.08000002e+000
1.10000000e-007,1.08000002e+000
1.15000000e-007,1.08000002e+000
1.20000000e-007,1.09600002e+000
1.25000000e-007,1.09600002e+000
1.30000000e-007,1.12800002e+000
1.35000000e-007,1.11200002e+000
1.40000000e-007,1.11200002e+000
1.45000000e-007,1.11200002e+000
1.50000000e-007,1.11200002e+000
1.55000000e-007,1.11200002e+000
1.60000000e-007,1.11200002e+000
1.65000000e-007,1.11200002e+000
1.70000000e-007,1.11200002e+000
1.75000000e-007,1.11200002e+000
1.80000000e-007,1.11200002e+000
1.85000000e-007,1.12800002e+000
1.90000000e-007,1.12800002e+000
1.95000000e-007,1.14400002e+000
2.00000000e-007,1.11200002e+000
2.05000000e-007,1.14400002e+000
2.10000000e-007,1.14400002e+000
2.15000000e-007,1.12800002e+000
2.20000000e-007,1.14400002e+000
2.25000000e-007,1.16000002e+000
2.30000000e-007,1.14400002e+000
2.35000000e-007,1.14400002e+000
2.40000000e-007,1.16000002e+000
2.45000000e-007,1.16000002e+000
2.50000000e-007,1.14400002e+000
2.55000000e-007,1.14400002e+000
2.60000000e-007,1.16000002e+000
2.65000000e-007,1.14400002e+000
2.70000000e-007,1.16000002e+000
2.75000000e-007,1.14400002e+000
2.80000000e-007,1.14400002e+000
2.85000000e-007,1.16000002e+000
2.90000000e-007,1.16000002e+000
2.95000000e-007,1.16000002e+000
3.00000000e-007,1.14400002e+000
3.05000000e-007,1.16000002e+000
3.10000000e-007,1.14400002e+000
3.15000000e-007,1.16000002e+000
3.20000000e-007,1.14400002e+000
3.25000000e-007,1.12800002e+000
3.30000000e-007,1.14400002e+000
3.35000000e-007,1.14400002e+000
3.40000000e-007,1.16000002e+000
3.45000000e-007,1.14400002e+000
3.50000000e-007,1.14400002e+000
3.55000000e-007,1.12800002e+000
3.60000000e-007,1.14400002e+000
3.65000000e-007,1.14400002e+000
3.70000000e-007,1.14400002e+000
3.75000000e-007,1.14400002e+000
3.80000000e-007,1.14400002e+000
3.85000000e-007,1.14400002e+000
3.90000000e-007,1.12800002e+000
3.95000000e-007,1.14400002e+000
4.00000000e-007,1.12800002e+000
4.05000000e-007,1.09600002e+000
4.10000000e-007,1.11200002e+000
4.15000000e-007,1.12800002e+000
4.20000000e-007,1.11200002e+000
4.25000000e-007,1.11200002e+000
4.30000000e-007,1.11200002e+000
4.35000000e-007,1.09600002e+000
4.40000000e-007,1.11200002e+000
4.45000000e-007,1.09600002e+000
4.50000000e-007,1.09600002e+000
4.55000000e-007,1.09600002e+000
4.60000000e-007,1.09600002e+000
4.65000000e-007,1.08000002e+000
4.70000000e-007,1.06400002e+000
4.75000000e-007,1.06400002e+000
4.80000000e-007,1.08000002e+000
4.85000000e-007,1.09600002e+000
4.90000000e-007,1.08000002e+000
4.95000000e-007,1.04800002e+000
5.00000000e-007,1.04800002e+000
5.05000000e-007,1.04800002e+000
5.10000000e-007,1.06400002e+000
5.15000000e-007,1.06400002e+000
5.20000000e-007,1.04800002e+000
5.25000000e-007,1.04800002e+000
5.30000000e-007,1.03200002e+000
5.35000000e-007,1.01600001e+000
5.40000000e-007,1.03200002e+000
5.45000000e-007,1.03200002e+000
5.50000000e-007,1.00000001e+000
5.55000000e-007,1.00000001e+000
5.60000000e-007,1.00000001e+000
5.65000000e-007,9.84000015e-001
5.70000000e-007,1.00000001e+000
5.75000000e-007,9.84000015e-001
5.80000000e-007,9.84000015e-001
5.85000000e-007,9.84000015e-001
5.90000000e-007,9.68000014e-001
5.95000000e-007,9.84000015e-001
6.00000000e-007,9.68000014e-001
6.05000000e-007,9.68000014e-001
6.10000000e-007,9.36000014e-001
6.15000000e-007,9.52000014e-001
6.20000000e-007,9.52000014e-001
6.25000000e-007,9.20000014e-001
6.30000000e-007,9.20000014e-001
6.35000000e-007,9.20000014e-001
6.40000000e-007,9.04000013e-001
6.45000000e-007,9.04000013e-001
6.50000000e-007,9.04000013e-001
6.55000000e-007,8.88000013e-001
6.60000000e-007,8.88000013e-001
6.65000000e-007,8.88000013e-001
6.70000000e-007,8.88000013e-001
6.75000000e-007,8.88000013e-001
6.80000000e-007,8.72000013e-001
6.85000000e-007,8.88000013e-001
6.90000000e-007,8.72000013e-001
6.95000000e-007,8.72000013e-001
7.00000000e-007,8.72000013e-001
7.05000000e-007,8.72000013e-001
7.10000000e-007,8.56000013e-001
7.15000000e-007,8.56000013e-001
7.20000000e-007,8.56000013e-001
7.25000000e-007,8.40000012e-001
7.30000000e-007,8.40000012e-001
7.35000000e-007,8.56000013e-001
7.40000000e-007,8.24000012e-001
7.45000000e-007,8.56000013e-001
7.50000000e-007,8.40000012e-001
7.55000000e-007,8.24000012e-001
7.60000000e-007,8.40000012e-001
7.65000000e-007,8.40000012e-001
7.70000000e-007,8.24000012e-001
7.75000000e-007,8.40000012e-001
7.80000000e-007,8.24000012e-001
7.85000000e-007,8.24000012e-001
7.90000000e-007,8.24000012e-001
7.95000000e-007,8.24000012e-001
8.00000000e-007,8.40000012e-001
8.05000000e-007,8.40000012e-001
8.10000000e-007,8.40000012e-001
8.15000000e-007,8.24000012e-001
8.20000000e-007,8.24000012e-001
8.25000000e-007,8.40000012e-001
8.30000000e-007,8.24000012e-001
8.35000000e-007,8.40000012e-001
8.40000000e-007,8.40000012e-001
8.45000000e-007,8.24000012e-001
8.50000000e-007,8.40000012e-001
8.55000000e-007,8.40000012e-001
8.60000000e-007,8.56000013e-001
8.65000000e-007,8.56000013e-001
8.70000000e-007,8.40000012e-001
8.75000000e-007,8.56000013e-001
8.80000000e-007,8.72000013e-001
8.85000000e-007,8.56000013e-001
8.90000000e-007,8.72000013e-001
8.95000000e-007,8.56000013e-001
9.00000000e-007,8.72000013e-001
9.05000000e-007,8.56000013e-001
9.10000000e-007,8.88000013e-001
9.15000000e-007,8.88000013e-001
9.20000000e-007,8.88000013e-001
9.25000000e-007,8.88000013e-001
9.30000000e-007,9.04000013e-001
9.35000000e-007,9.04000013e-001
9.40000000e-007,9.04000013e-001
9.45000000e-007,9.36000014e-001
9.50000000e-007,9.36000014e-001
9.55000000e-007,9.04000013e-001
9.60000000e-007,9.36000014e-001
9.65000000e-007,9.36000014e-001
9.70000000e-007,9.52000014e-001
9.75000000e-007,9.52000014e-001
9.80000000e-007,9.68000014e-001
9.85000000e-007,9.52000014e-001
9.90000000e-007,9.68000014e-001
9.95000000e-007,9.68000014e-001
1.00000000e-006,9.84000015e-001
1.00500000e-006,9.84000015e-001
1.01000000e-006,9.84000015e-001
1.01500000e-006,1.00000001e+000
1.02000000e-006,1.00000001e+000
1.02500000e-006,1.01600001e+000
1.03000000e-006,1.00000001e+000
1.03500000e-006,1.01600001e+000
1.04000000e-006,1.01600001e+000
1.04500000e-006,1.03200002e+000
1.05000000e-006,1.03200002e+000
1.05500000e-006,1.03200002e+000
1.06000000e-006,1.04800002e+000
1.06500000e-006,1.03200002e+000
1.07000000e-006,1.06400002e+000
1.07500000e-006,1.06400002e+000
1.08000000e-006,1.04800002e+000
1.08500000e-006,1.08000002e+000
1.09000000e-006,1.06400002e+000
1.09500000e-006,1.06400002e+000
1.10000000e-006,1.08000002e+000
1.10500000e-006,1.08000002e+000
1.11000000e-006,1.08000002e+000
1.11500000e-006,1.08000002e+000
1.12000000e-006,1.08000002e+000
1.12500000e-006,1.09600002e+000
1.13000000e-006,1.11200002e+000
1.13500000e-006,1.11200002e+000
1.14000000e-006,1.11200002e+000
1.14500000e-006,1.09600002e+000
1.15000000e-006,1.11200002e+000
1.15500000e-006,1.11200002e+000
1.16000000e-006,1.12800002e+000
1.16500000e-006,1.11200002e+000
1.17000000e-006,1.09600002e+000
1.17500000e-006,1.11200002e+000
1.18000000e-006,1.12800002e+000
1.18500000e-006,1.12800002e+000
1.19000000e-006,1.12800002e+000
1.19500000e-006,1.14400002e+000
1.20000000e-006,1.16000002e+000
1.20500000e-006,1.12800002e+000
1.21000000e-006,1.14400002e+000
1.21500000e-006,1.14400002e+000
1.22000000e-006,1.14400002e+000
1.22500000e-006,1.14400002e+000
1.23000000e-006,1.16000002e+000
1.23500000e-006,1.14400002e+000
1.24000000e-006,1.16000002e+000
1.24500000e-006,1.17600002e+000
1.25000000e-006,1.16000002e+000
1.25500000e-006,1.12800002e+000
1.26000000e-006,1.14400002e+000
1.26500000e-006,1.16000002e+000
1.27000000e-006,1.14400002e+000
1.27500000e-006,1.16000002e+000
1.28000000e-006,1.14400002e+000
1.28500000e-006,1.16000002e+000
1.29000000e-006,1.14400002e+000
1.29500000e-006,1.16000002e+000
1.30000000e-006,1.16000002e+000
1.30500000e-006,1.16000002e+000
1.31000000e-006,1.16000002e+000
1.31500000e-006,1.12800002e+000
1.32000000e-006,1.14400002e+000
1.32500000e-006,1.14400002e+000
1.33000000e-006,1.14400002e+000
1.33500000e-006,1.16000002e+000
1.34000000e-006,1.14400002e+000
1.34500000e-006,1.14400002e+000
1.35000000e-006,1.12800002e+000
1.35500000e-006,1.14400002e+000
1.36000000e-006,1.14400002e+000
1.36500000e-006,1.14400002e+000
1.37000000e-006,1.12800002e+000
1.37500000e-006,1.12800002e+000
1.38000000e-006,1.12800002e+000
1.38500000e-006,1.14400002e+000
1.39000000e-006,1.14400002e+000
1.39500000e-006,1.12800002e+000
1.40000000e-006,1.12800002e+000
1.40500000e-006,1.11200002e+000
1.41000000e-006,1.12800002e+000
1.41500000e-006,1.11200002e+000
1.42000000e-006,1.12800002e+000
1.42500000e-006,1.12800002e+000
1.43000000e-006,1.11200002e+000
1.43500000e-006,1.09600002e+000
1.44000000e-006,1.09600002e+000
1.44500000e-006,1.11200002e+000
1.45000000e-006,1.09600002e+000
1.45500000e-006,1.09600002e+000
1.46000000e-006,1.09600002e+000
1.46500000e-006,1.09600002e+000
1.47000000e-006,1.06400002e+000
1.47500000e-006,1.08000002e+000
1.48000000e-006,1.08000002e+000
1.48500000e-006,1.04800002e+000
1.49000000e-006,1.06400002e+000
1.49500000e-006,1.08000002e+000
1.50000000e-006,1.04800002e+000
1.50500000e-006,1.04800002e+000
1.51000000e-006,1.04800002e+000
1.51500000e-006,1.06400002e+000
1.52000000e-006,1.04800002e+000
1.52500000e-006,1.04800002e+000
1.53000000e-006,1.04800002e+000
1.53500000e-006,1.03200002e+000
1.54000000e-006,1.01600001e+000
1.54500000e-006,1.01600001e+000
1.55000000e-006,1.01600001e+000
1.55500000e-006,1.01600001e+000
1.56000000e-006,1.00000001e+000
1.56500000e-006,9.84000015e-001
1.57000000e-006,1.01600001e+000
1.57500000e-006,1.00000001e+000
1.58000000e-006,9.84000015e-001
1.58500000e-006,9.68000014e-001
1.59000000e-006,9.84000015e-001
1.59500000e-006,9.84000015e-001
1.60000000e-006,9.52000014e-001
1.60500000e-006,9.52000014e-001
1.61000000e-006,9.52000014e-001
1.61500000e-006,9.36000014e-001
1.62000000e-006,9.52000014e-001
1.62500000e-006,9.36000014e-001
1.63000000e-006,9.20000014e-001
1.63500000e-006,9.36000014e-001
1.64000000e-006,8.88000013e-001
1.64500000e-006,9.04000013e-001
1.65000000e-006,9.20000014e-001
1.65500000e-006,9.04000013e-001
1.66000000e-006,9.04000013e-001
1.66500000e-006,9.04000013e-001
1.67000000e-006,9.20000014e-001
1.67500000e-006,8.72000013e-001
1.68000000e-006,9.04000013e-001
1.68500000e-006,8.72000013e-001
1.69000000e-006,8.72000013e-001
1.69500000e-006,8.72000013e-001
1.70000000e-006,8.56000013e-001
1.70500000e-006,8.56000013e-001
1.71000000e-006,8.40000012e-001
1.71500000e-006,8.56000013e-001
1.72000000e-006,8.40000012e-001
1.72500000e-006,8.40000012e-001
1.73000000e-006,8.40000012e-001
1.73500000e-006,8.40000012e-001
1.74000000e-006,8.40000012e-001
1.74500000e-006,8.40000012e-001
1.75000000e-006,8.40000012e-001
1.75500000e-006,8.40000012e-001
1.76000000e-006,8.24000012e-001
1.76500000e-006,8.24000012e-001
1.77000000e-006,8.40000012e-001
1.77500000e-006,8.40000012e-001
1.78000000e-006,8.40000012e-001
1.78500000e-006,8.56000013e-001
1.79000000e-006,8.40000012e-001
1.79500000e-006,8.40000012e-001
1.80000000e-006,8.24000012e-001
1.80500000e-006,8.40000012e-001
1.81000000e-006,8.40000012e-001
1.81500000e-006,8.40000012e-001
1.82000000e-006,8.40000012e-001
1.82500000e-006,8.24000012e-001
1.83000000e-006,8.24000012e-001
1.83500000e-006,8.40000012e-001
1.84000000e-006,8.24000012e-001
1.84500000e-006,8.08000012e-001
1.85000000e-006,8.40000012e-001
1.85500000e-006,8.40000012e-001
1.86000000e-006,8.40000012e-001
1.86500000e-006,8.56000013e-001
1.87000000e-006,8.40000012e-001
1.87500000e-006,8.56000013e-001
1.88000000e-006,8.40000012e-001
1.88500000e-006,8.72000013e-001
1.89000000e-006,8.56000013e-001
1.89500000e-006,8.72000013e-001
1.90000000e-006,8.88000013e-001
1.90500000e-006,8.88000013e-001
1.91000000e-006,9.20000014e-001
1.91500000e-006,8.72000013e-001
1.92000000e-006,8.88000013e-001
1.92500000e-006,9.04000013e-001
1.93000000e-006,9.04000013e-001
1.93500000e-006,9.20000014e-001
1.94000000e-006,9.20000014e-001
1.94500000e-006,9.20000014e-001
1.95000000e-006,9.20000014e-001
1.95500000e-006,9.20000014e-001
1.96000000e-006,9.36000014e-001
1.96500000e-006,9.36000014e-001
1.97000000e-006,9.36000014e-001
1.97500000e-006,9.52000014e-001
1.98000000e-006,9.52000014e-001
1.98500000e-006,9.52000014e-001
1.99000000e-006,9.68000014e-001
1.99500000e-006,9.68000014e-001
2.00000000e-006,9.84000015e-001
2.00500000e-006,1.00000001e+000
2.01000000e-006,1.00000001e+000
2.01500000e-006,9.84000015e-001
2.02000000e-006,9.84000015e-001
2.02500000e-006,1.01600001e+000
2.03000000e-006,1.01600001e+000
2.03500000e-006,1.01600001e+000
2.04000000e-006,1.01600001e+000
2.04500000e-006,1.03200002e+000
2.05000000e-006,1.04800002e+000
2.05500000e-006,1.03200002e+000
2.06000000e-006,1.03200002e+000
2.06500000e-006,1.04800002e+000
2.07000000e-006,1.06400002e+000
2.07500000e-006,1.04800002e+000
2.08000000e-006,1.06400002e+000
2.08500000e-006,1.04800002e+000
2.09000000e-006,1.06400002e+000
2.09500000e-006,1.06400002e+000
2.10000000e-006,1.06400002e+000
2.10500000e-006,1.08000002e+000
2.11000000e-006,1.08000002e+000
2.11500000e-006,1.08000002e+000
2.12000000e-006,1.08000002e+000
2.12500000e-006,1.09600002e+000
2.13000000e-006,1.09600002e+000
2.13500000e-006,1.09600002e+000
2.14000000e-006,1.11200002e+000
2.14500000e-006,1.12800002e+000
2.15000000e-006,1.11200002e+000
2.15500000e-006,1.12800002e+000
2.16000000e-006,1.11200002e+000
2.16500000e-006,1.11200002e+000
2.17000000e-006,1.12800002e+000
2.17500000e-006,1.12800002e+000
2.18000000e-006,1.14400002e+000
2.18500000e-006,1.11200002e+000
2.19000000e-006,1.12800002e+000
2.19500000e-006,1.14400002e+000
2.20000000e-006,1.12800002e+000
2.20500000e-006,1.14400002e+000
2.21000000e-006,1.14400002e+000
2.21500000e-006,1.14400002e+000
2.22000000e-006,1.12800002e+000
2.22500000e-006,1.12800002e+000
2.23000000e-006,1.12800002e+000
2.23500000e-006,1.14400002e+000
2.24000000e-006,1.14400002e+000
2.24500000e-006,1.12800002e+000
2.25000000e-006,1.14400002e+000
2.25500000e-006,1.12800002e+000
2.26000000e-006,1.14400002e+000
2.26500000e-006,1.16000002e+000
2.27000000e-006,1.14400002e+000
2.27500000e-006,1.14400002e+000
2.28000000e-006,1.16000002e+000
2.28500000e-006,1.14400002e+000
2.29000000e-006,1.16000002e+000
2.29500000e-006,1.14400002e+000
2.30000000e-006,1.16000002e+000
2.30500000e-006,1.12800002e+000
2.31000000e-006,1.16000002e+000
2.31500000e-006,1.12800002e+000
2.32000000e-006,1.14400002e+000
2.32500000e-006,1.14400002e+000
2.33000000e-006,1.14400002e+000
2.33500000e-006,1.14400002e+000
2.34000000e-006,1.14400002e+000
2.34500000e-006,1.14400002e+000
2.35000000e-006,1.12800002e+000
2.35500000e-006,1.14400002e+000
2.36000000e-006,1.14400002e+000
2.36500000e-006,1.14400002e+000
2.37000000e-006,1.14400002e+000
2.37500000e-006,1.14400002e+000
2.38000000e-006,1.16000002e+000
2.38500000e-006,1.12800002e+000
2.39000000e-006,1.12800002e+000
2.39500000e-006,1.12800002e+000
2.40000000e-006,1.14400002e+000
2.40500000e-006,1.12800002e+000
2.41000000e-006,1.12800002e+000
2.41500000e-006,1.12800002e+000
2.42000000e-006,1.11200002e+000
2.42500000e-006,1.09600002e+000
2.43000000e-006,1.12800002e+000
2.43500000e-006,1.11200002e+000
2.44000000e-006,1.09600002e+000
2.44500000e-006,1.09600002e+000
2.45000000e-006,1.12800002e+000
2.45500000e-006,1.09600002e+000
2.46000000e-006,1.09600002e+000
2.46500000e-006,1.09600002e+000
2.47000000e-006,1.08000002e+000
2.47500000e-006,1.06400002e+000
2.48000000e-006,1.08000002e+000
2.48500000e-006,1.06400002e+000
2.49000000e-006,1.06400002e+000
2.49500000e-006,1.04800002e+000
